date	pdo-index	MA-6	MA-12
1951-01-01	-1.19		
1951-02-01	-1.52		
1951-03-01	-1.72		
1951-04-01	-1.35		
1951-05-01	-1.29		
1951-06-01	-1.77	-1.4733333333333334	
1951-07-01	-0.23	-1.3133333333333335	
1951-08-01	-1.76	-1.3533333333333335	
1951-09-01	-0.78	-1.1966666666666668	
1951-10-01	-0.09	-0.9866666666666667	
1951-11-01	-0.31	-0.8233333333333333	
1951-12-01	-1.45	-0.77	-1.1216666666666668
1952-01-01	-2.19	-1.0966666666666667	-1.205
1952-02-01	-1.35	-1.0283333333333333	-1.1908333333333334
1952-03-01	-1.67	-1.1766666666666665	-1.1866666666666668
1952-04-01	-1.92	-1.4816666666666667	-1.2341666666666666
1952-05-01	-2.07	-1.7749999999999997	-1.2991666666666666
1952-06-01	-2.13	-1.8883333333333334	-1.3291666666666666
1952-07-01	-2.05	-1.865	-1.4808333333333332
1952-08-01	-1.58	-1.9033333333333333	-1.465833333333333
1952-09-01	-1.36	-1.8516666666666668	-1.5141666666666669
1952-10-01	-0.91	-1.6833333333333336	-1.5825000000000002
1952-11-01	-0.53	-1.4266666666666667	-1.600833333333333
1952-12-01	-0.83	-1.21	-1.5491666666666666
1953-01-01	-0.16	-0.8950000000000001	-1.3800000000000001
1953-02-01	-0.46	-0.7083333333333334	-1.3058333333333334
1953-03-01	-1.27	-0.6933333333333334	-1.2725
1953-04-01	-0.9	-0.6916666666666668	-1.1875
1953-05-01	-0.55	-0.695	-1.0608333333333333
1953-06-01	-0.2	-0.59	-0.9
1953-07-01	0.06	-0.5533333333333333	-0.7241666666666666
1953-08-01	-0.92	-0.63	-0.6691666666666666
1953-09-01	-1.11	-0.6033333333333334	-0.6483333333333333
1953-10-01	-1.48	-0.7000000000000001	-0.6958333333333333
1953-11-01	-0.51	-0.6933333333333334	-0.6941666666666667
1953-12-01	-0.18	-0.6900000000000001	-0.64
1954-01-01	-1.13	-0.8883333333333333	-0.7208333333333332
1954-02-01	-0.95	-0.8933333333333332	-0.7616666666666667
1954-03-01	-1.15	-0.9	-0.7516666666666666
1954-04-01	-1.25	-0.8616666666666667	-0.7808333333333333
1954-05-01	-0.76	-0.9033333333333333	-0.7983333333333333
1954-06-01	0.49	-0.7916666666666665	-0.7408333333333332
1954-07-01	-0.08	-0.6166666666666666	-0.7525
1954-08-01	-0.32	-0.5116666666666667	-0.7025
1954-09-01	-1.05	-0.49499999999999994	-0.6974999999999999
1954-10-01	0.02	-0.2833333333333333	-0.5724999999999999
1954-11-01	0.85	-0.014999999999999994	-0.45916666666666667
1954-12-01	0.49	-0.014999999999999994	-0.4033333333333333
1955-01-01	-0.23	-0.04	-0.3283333333333333
1955-02-01	-1.01	-0.155	-0.3333333333333333
1955-03-01	-1.24	-0.18666666666666665	-0.3408333333333333
1955-04-01	-2.21	-0.5583333333333332	-0.42083333333333334
1955-05-01	-1.89	-1.015	-0.515
1955-06-01	-2.18	-1.46	-0.7375000000000002
1955-07-01	-2.75	-1.88	-0.96
1955-08-01	-2.66	-2.155	-1.155
1955-09-01	-2.48	-2.361666666666667	-1.2741666666666667
1955-10-01	-3.35	-2.5516666666666667	-1.555
1955-11-01	-2.63	-2.6750000000000003	-1.845
1955-12-01	-2.2	-2.6783333333333332	-2.069166666666667
1956-01-01	-2.26	-2.5966666666666667	-2.2383333333333333
1956-02-01	-2.28	-2.533333333333333	-2.3441666666666667
1956-03-01	-2.93	-2.608333333333333	-2.485
1956-04-01	-2.55	-2.475	-2.513333333333333
1956-05-01	-1.62	-2.3066666666666666	-2.4908333333333332
1956-06-01	-1.98	-2.27	-2.4741666666666666
1956-07-01	-1.48	-2.14	-2.368333333333333
1956-08-01	-1.0	-1.9266666666666667	-2.23
1956-09-01	-0.28	-1.4849999999999997	-2.0466666666666664
1956-10-01	-1.66	-1.3366666666666667	-1.9058333333333335
1956-11-01	-2.44	-1.4733333333333334	-1.89
1956-12-01	-1.27	-1.3549999999999998	-1.8125
1957-01-01	-1.31	-1.3266666666666667	-1.7333333333333334
1957-02-01	-1.57	-1.4216666666666666	-1.6741666666666666
1957-03-01	-0.83	-1.5133333333333334	-1.4991666666666665
1957-04-01	-0.81	-1.3716666666666668	-1.3541666666666667
1957-05-01	-0.02	-0.9683333333333334	-1.2208333333333334
1957-06-01	1.53	-0.5016666666666668	-0.9283333333333332
1957-07-01	0.59	-0.18499999999999997	-0.7558333333333334
1957-08-01	0.34	0.13333333333333333	-0.6441666666666667
1957-09-01	1.84	0.5783333333333333	-0.46749999999999997
1957-10-01	1.72	1.0	-0.18583333333333332
1957-11-01	1.54	1.26	0.14583333333333334
1957-12-01	0.46	1.0816666666666668	0.29
1958-01-01	0.83	1.1216666666666668	0.4683333333333333
1958-02-01	0.94	1.2216666666666667	0.6775000000000001
1958-03-01	0.62	1.0183333333333333	0.7983333333333333
1958-04-01	0.56	0.8250000000000001	0.9125000000000001
1958-05-01	1.46	0.8116666666666666	1.0358333333333334
1958-06-01	1.82	1.0383333333333333	1.0599999999999998
1958-07-01	0.61	1.0016666666666667	1.0616666666666668
1958-08-01	1.06	1.0216666666666667	1.1216666666666668
1958-09-01	0.77	1.0466666666666669	1.0325
1958-10-01	0.28	1.0	0.9125000000000001
1958-11-01	0.28	0.8033333333333333	0.8075000000000001
1958-12-01	1.14	0.69	0.8641666666666666
1959-01-01	1.04	0.7616666666666667	0.8816666666666667
1959-02-01	0.35	0.6433333333333333	0.8325
1959-03-01	-0.14	0.4916666666666667	0.7691666666666667
1959-04-01	-0.16	0.4183333333333333	0.7091666666666666
1959-05-01	-0.13	0.35000000000000003	0.5766666666666667
1959-06-01	0.23	0.19833333333333333	0.44416666666666665
1959-07-01	-0.42	-0.045000000000000005	0.3583333333333334
1959-08-01	-0.31	-0.155	0.24416666666666667
1959-09-01	-0.53	-0.21999999999999997	0.13583333333333333
1959-10-01	0.96	-0.03333333333333335	0.19249999999999998
1959-11-01	1.38	0.2183333333333333	0.2841666666666666
1959-12-01	1.02	0.3499999999999999	0.27416666666666667
1960-01-01	0.24	0.45999999999999996	0.2075
1960-02-01	0.61	0.6133333333333333	0.22916666666666663
1960-03-01	0.23	0.7400000000000001	0.25999999999999995
1960-04-01	0.21	0.615	0.29083333333333333
1960-05-01	0.35	0.4433333333333333	0.3308333333333333
1960-06-01	1.2	0.47333333333333333	0.4116666666666666
1960-07-01	-0.42	0.3633333333333333	0.4116666666666666
1960-08-01	-0.31	0.20999999999999996	0.4116666666666666
1960-09-01	-0.96	0.01166666666666664	0.3758333333333333
1960-10-01	-0.34	-0.08000000000000002	0.26749999999999996
1960-11-01	-0.34	-0.19500000000000003	0.12416666666666665
1960-12-01	0.0	-0.395	0.039166666666666655
1961-01-01	0.89	-0.17666666666666667	0.09333333333333332
1961-02-01	0.92	0.02833333333333334	0.11916666666666666
1961-03-01	0.64	0.295	0.15333333333333332
1961-04-01	0.28	0.3983333333333334	0.15916666666666668
1961-05-01	-0.54	0.365	0.085
1961-06-01	-0.7	0.24833333333333338	-0.07333333333333333
1961-07-01	-1.23	-0.10499999999999997	-0.14083333333333334
1961-08-01	-0.87	-0.4033333333333333	-0.1875
1961-09-01	-1.34	-0.7333333333333334	-0.21916666666666665
1961-10-01	-1.78	-1.0766666666666667	-0.33916666666666667
1961-11-01	-1.43	-1.2249999999999999	-0.43
1961-12-01	-1.73	-1.3966666666666665	-0.5741666666666666
1962-01-01	-1.0	-1.3583333333333332	-0.7316666666666666
1962-02-01	-0.87	-1.3583333333333334	-0.8808333333333332
1962-03-01	-1.06	-1.3116666666666668	-1.0225
1962-04-01	-0.95	-1.1733333333333333	-1.125
1962-05-01	-1.3	-1.1516666666666666	-1.1883333333333332
1962-06-01	-1.71	-1.1483333333333334	-1.2725
1962-07-01	-1.83	-1.2866666666666668	-1.3225
1962-08-01	-0.66	-1.2516666666666667	-1.305
1962-09-01	-1.47	-1.32	-1.3158333333333332
1962-10-01	-1.76	-1.455	-1.3141666666666667
1962-11-01	-0.38	-1.3016666666666665	-1.2266666666666668
1962-12-01	-0.23	-1.055	-1.1016666666666668
1963-01-01	0.12	-0.7300000000000001	-1.0083333333333333
1963-02-01	0.15	-0.595	-0.9233333333333333
1963-03-01	-0.28	-0.39666666666666667	-0.8583333333333334
1963-04-01	-0.27	-0.14833333333333334	-0.8016666666666666
1963-05-01	-1.26	-0.295	-0.7983333333333333
1963-06-01	-0.6	-0.3566666666666667	-0.7058333333333332
1963-07-01	-1.11	-0.5616666666666668	-0.6458333333333334
1963-08-01	-1.01	-0.755	-0.6749999999999999
1963-09-01	1.08	-0.5283333333333333	-0.46249999999999997
1963-10-01	0.34	-0.4266666666666667	-0.2875
1963-11-01	-0.5	-0.30000000000000004	-0.2975
1963-12-01	0.45	-0.12500000000000003	-0.24083333333333332
1964-01-01	0.34	0.11666666666666663	-0.2225
1964-02-01	0.21	0.31999999999999995	-0.2175
1964-03-01	-0.71	0.021666666666666612	-0.25333333333333335
1964-04-01	-1.27	-0.24666666666666673	-0.33666666666666667
1964-05-01	-2.39	-0.5616666666666668	-0.43083333333333335
1964-06-01	-0.86	-0.7800000000000001	-0.45250000000000007
1964-07-01	-1.08	-1.0166666666666668	-0.45
1964-08-01	-1.6	-1.3183333333333334	-0.4991666666666667
1964-09-01	-1.35	-1.425	-0.7016666666666667
1964-10-01	-0.64	-1.32	-0.7833333333333333
1964-11-01	-0.68	-1.0350000000000001	-0.7983333333333333
1964-12-01	-0.62	-0.9950000000000001	-0.8875000000000001
1965-01-01	-0.95	-0.9733333333333333	-0.9950000000000001
1965-02-01	-0.61	-0.8083333333333335	-1.0633333333333332
1965-03-01	-0.17	-0.6116666666666667	-1.0183333333333333
1965-04-01	-0.01	-0.5066666666666667	-0.9133333333333332
1965-05-01	-0.66	-0.5033333333333334	-0.7691666666666667
1965-06-01	-0.76	-0.5266666666666667	-0.7608333333333333
1965-07-01	-0.74	-0.4916666666666667	-0.7324999999999999
1965-08-01	0.32	-0.3366666666666667	-0.5725
1965-09-01	0.83	-0.17000000000000012	-0.3908333333333333
1965-10-01	0.3	-0.11833333333333344	-0.3125
1965-11-01	0.47	0.06999999999999991	-0.2166666666666667
1965-12-01	0.25	0.23833333333333326	-0.1441666666666667
1966-01-01	-0.67	0.24999999999999992	-0.12083333333333335
1966-02-01	-0.43	0.12499999999999989	-0.10583333333333335
1966-03-01	-1.0	-0.18000000000000008	-0.17500000000000004
1966-04-01	-0.37	-0.29166666666666674	-0.205
1966-05-01	-0.76	-0.49666666666666676	-0.21333333333333335
1966-06-01	0.1	-0.5216666666666667	-0.1416666666666667
1966-07-01	0.01	-0.4083333333333334	-0.07916666666666668
1966-08-01	-0.29	-0.385	-0.13000000000000003
1966-09-01	-0.35	-0.2766666666666667	-0.22833333333333336
1966-10-01	-0.6	-0.3150000000000001	-0.3033333333333333
1966-11-01	-0.71	-0.3066666666666667	-0.4016666666666666
1966-12-01	-0.21	-0.3583333333333334	-0.43999999999999995
1967-01-01	-0.24	-0.40000000000000013	-0.4041666666666666
1967-02-01	-0.25	-0.3933333333333335	-0.38916666666666666
1967-03-01	-0.8	-0.46833333333333343	-0.3725
1967-04-01	-1.13	-0.5566666666666668	-0.4358333333333333
1967-05-01	-1.54	-0.695	-0.5008333333333334
1967-06-01	-1.2	-0.86	-0.6091666666666666
1967-07-01	-1.21	-1.0216666666666667	-0.7108333333333334
1967-08-01	-1.55	-1.2383333333333333	-0.8158333333333333
1967-09-01	-0.6	-1.205	-0.8366666666666666
1967-10-01	-0.06	-1.0266666666666666	-0.7916666666666666
1967-11-01	0.36	-0.7100000000000001	-0.7025
1967-12-01	-0.68	-0.6233333333333334	-0.7416666666666667
1968-01-01	-0.65	-0.53	-0.7758333333333334
1968-02-01	-0.19	-0.3033333333333334	-0.7708333333333334
1968-03-01	0.08	-0.19000000000000009	-0.6974999999999999
1968-04-01	-0.69	-0.2950000000000001	-0.6608333333333333
1968-05-01	-0.79	-0.48666666666666675	-0.5983333333333333
1968-06-01	0.14	-0.35000000000000003	-0.48666666666666664
1968-07-01	0.44	-0.16833333333333336	-0.3491666666666667
1968-08-01	-0.01	-0.1383333333333334	-0.22083333333333335
1968-09-01	0.26	-0.10833333333333339	-0.14916666666666667
1968-10-01	-0.18	-0.02333333333333341	-0.15916666666666668
1968-11-01	0.03	0.11333333333333327	-0.18666666666666665
1968-12-01	-0.29	0.041666666666666595	-0.15416666666666667
1969-01-01	-0.71	-0.15000000000000005	-0.15916666666666668
1969-02-01	-1.22	-0.35166666666666674	-0.24499999999999997
1969-03-01	-1.21	-0.5966666666666667	-0.3525
1969-04-01	-1.07	-0.7450000000000001	-0.3841666666666666
1969-05-01	-1.06	-0.9266666666666667	-0.4066666666666667
1969-06-01	0.84	-0.7383333333333334	-0.34833333333333333
1969-07-01	-0.37	-0.6816666666666668	-0.41583333333333333
1969-08-01	-0.92	-0.6316666666666667	-0.4916666666666667
1969-09-01	-1.07	-0.6083333333333335	-0.6025
1969-10-01	0.95	-0.27166666666666683	-0.5083333333333334
1969-11-01	0.58	0.0016666666666665386	-0.46249999999999997
1969-12-01	1.13	0.04999999999999986	-0.3441666666666667
1970-01-01	1.06	0.28833333333333316	-0.19666666666666668
1970-02-01	1.01	0.6099999999999999	-0.010833333333333342
1970-03-01	1.2	0.9883333333333333	0.18999999999999997
1970-04-01	0.31	0.8816666666666665	0.305
1970-05-01	-0.89	0.6366666666666665	0.31916666666666665
1970-06-01	-0.12	0.42833333333333323	0.23916666666666664
1970-07-01	-0.92	0.09833333333333323	0.19333333333333333
1970-08-01	-1.79	-0.36833333333333346	0.1208333333333333
1970-09-01	-1.68	-0.8483333333333335	0.07
1970-10-01	-1.2	-1.1	-0.10916666666666665
1970-11-01	-0.92	-1.1050000000000002	-0.23416666666666663
1970-12-01	-0.91	-1.2366666666666668	-0.4041666666666666
1971-01-01	-1.34	-1.3066666666666669	-0.6041666666666666
1971-02-01	-1.45	-1.2500000000000002	-0.8091666666666667
1971-03-01	-1.55	-1.2283333333333333	-1.0383333333333333
1971-04-01	-1.7	-1.3116666666666668	-1.2058333333333333
1971-05-01	-1.75	-1.4500000000000002	-1.2774999999999999
1971-06-01	-1.86	-1.6083333333333334	-1.4225
1971-07-01	-2.25	-1.76	-1.5333333333333332
1971-08-01	-0.32	-1.5716666666666665	-1.4108333333333334
1971-09-01	-0.17	-1.3416666666666668	-1.285
1971-10-01	-0.35	-1.116666666666667	-1.2141666666666666
1971-11-01	-1.28	-1.0383333333333333	-1.2441666666666666
1971-12-01	-1.77	-1.0233333333333334	-1.3158333333333334
1972-01-01	-2.12	-1.0016666666666667	-1.3808333333333334
1972-02-01	-1.95	-1.2733333333333334	-1.4225
1972-03-01	-1.53	-1.5	-1.4208333333333334
1972-04-01	-1.7	-1.7250000000000003	-1.4208333333333334
1972-05-01	-2.16	-1.8716666666666668	-1.455
1972-06-01	-1.84	-1.8833333333333335	-1.4533333333333334
1972-07-01	-1.48	-1.7766666666666666	-1.3891666666666669
1972-08-01	-0.11	-1.47	-1.3716666666666668
1972-09-01	-0.2	-1.2483333333333333	-1.3741666666666668
1972-10-01	-0.22	-1.0016666666666667	-1.3633333333333333
1972-11-01	-0.05	-0.65	-1.2608333333333333
1972-12-01	-0.37	-0.40499999999999997	-1.1441666666666668
1973-01-01	-0.15	-0.18333333333333335	-0.9800000000000001
1973-02-01	-0.55	-0.25666666666666665	-0.8633333333333333
1973-03-01	-0.88	-0.37000000000000005	-0.8091666666666667
1973-04-01	-1.35	-0.5583333333333333	-0.7800000000000001
1973-05-01	-1.59	-0.8150000000000001	-0.7325
1973-06-01	-1.44	-0.9933333333333333	-0.6991666666666667
1973-07-01	-1.4	-1.2016666666666667	-0.6925
1973-08-01	-1.56	-1.37	-0.8133333333333334
1973-09-01	-1.05	-1.3983333333333334	-0.8841666666666667
1973-10-01	-1.36	-1.4000000000000001	-0.9791666666666666
1973-11-01	-1.42	-1.3716666666666668	-1.0933333333333333
1973-12-01	-0.89	-1.28	-1.1366666666666667
1974-01-01	-0.86	-1.19	-1.1958333333333333
1974-02-01	-1.38	-1.16	-1.265
1974-03-01	-1.21	-1.1866666666666668	-1.2925
1974-04-01	-0.62	-1.0633333333333332	-1.2316666666666667
1974-05-01	-0.72	-0.9466666666666667	-1.1591666666666665
1974-06-01	-0.37	-0.8599999999999999	-1.07
1974-07-01	0.02	-0.7133333333333334	-0.9516666666666667
1974-08-01	-0.27	-0.5283333333333333	-0.8441666666666667
1974-09-01	0.71	-0.20833333333333334	-0.6974999999999999
1974-10-01	0.19	-0.07333333333333333	-0.5683333333333332
1974-11-01	0.61	0.14833333333333332	-0.3991666666666666
1974-12-01	0.27	0.25499999999999995	-0.3025
1975-01-01	-0.65	0.14333333333333334	-0.285
1975-02-01	-0.93	0.033333333333333305	-0.24750000000000003
1975-03-01	-1.07	-0.26333333333333336	-0.23583333333333334
1975-04-01	-1.79	-0.5933333333333334	-0.3333333333333333
1975-05-01	-2.08	-1.0416666666666667	-0.4466666666666667
1975-06-01	-1.61	-1.3550000000000002	-0.55
1975-07-01	-0.84	-1.3866666666666667	-0.6216666666666667
1975-08-01	-1.56	-1.491666666666667	-0.7291666666666666
1975-09-01	-1.6	-1.58	-0.9216666666666669
1975-10-01	-1.59	-1.5466666666666669	-1.07
1975-11-01	-1.73	-1.4883333333333333	-1.265
1975-12-01	-1.49	-1.4683333333333335	-1.4116666666666668
1976-01-01	-1.08	-1.5083333333333335	-1.4475
1976-02-01	-1.01	-1.4166666666666667	-1.4541666666666668
1976-03-01	-1.31	-1.3683333333333334	-1.4741666666666668
1976-04-01	-1.38	-1.3333333333333333	-1.4400000000000002
1976-05-01	-1.23	-1.25	-1.3691666666666666
1976-06-01	-1.26	-1.2116666666666667	-1.34
1976-07-01	0.28	-0.9849999999999999	-1.2466666666666668
1976-08-01	0.97	-0.6549999999999999	-1.0358333333333334
1976-09-01	0.58	-0.34	-0.8541666666666666
1976-10-01	1.12	0.0766666666666667	-0.6283333333333333
1976-11-01	1.33	0.5033333333333334	-0.3733333333333333
1976-12-01	1.2	0.9133333333333334	-0.14916666666666664
1977-01-01	1.24	1.0733333333333335	0.04416666666666669
1977-02-01	1.51	1.1633333333333333	0.2541666666666667
1977-03-01	0.62	1.17	0.41500000000000004
1977-04-01	-0.25	0.9416666666666668	0.5091666666666667
1977-05-01	-0.47	0.6416666666666667	0.5725
1977-06-01	0.03	0.44666666666666677	0.68
1977-07-01	-0.06	0.23000000000000007	0.6516666666666667
1977-08-01	-0.09	-0.036666666666666625	0.5633333333333334
1977-09-01	-0.64	-0.24666666666666662	0.46166666666666667
1977-10-01	-0.84	-0.345	0.29833333333333334
1977-11-01	-0.45	-0.3416666666666666	0.15000000000000002
1977-12-01	-0.06	-0.35666666666666663	0.04500000000000002
1978-01-01	0.58	-0.25	-0.009999999999999981
1978-02-01	0.78	-0.10499999999999994	-0.07083333333333332
1978-03-01	1.13	0.19000000000000003	-0.02833333333333332
1978-04-01	1.03	0.5016666666666666	0.07833333333333335
1978-05-01	0.77	0.7050000000000001	0.18166666666666667
1978-06-01	0.33	0.77	0.2066666666666667
1978-07-01	-1.62	0.4033333333333335	0.0766666666666667
1978-08-01	-0.91	0.12166666666666669	0.00833333333333335
1978-09-01	-0.78	-0.19666666666666663	-0.003333333333333318
1978-10-01	0.07	-0.3566666666666667	0.07250000000000001
1978-11-01	-0.01	-0.48666666666666664	0.10916666666666668
1978-12-01	-0.51	-0.6266666666666666	0.07166666666666668
1979-01-01	-0.38	-0.41999999999999993	-0.008333333333333312
1979-02-01	-1.29	-0.48333333333333334	-0.18083333333333332
1979-03-01	-0.68	-0.4666666666666666	-0.33166666666666667
1979-04-01	-0.12	-0.49833333333333335	-0.4275
1979-05-01	0.57	-0.4016666666666666	-0.44416666666666665
1979-06-01	0.22	-0.27999999999999997	-0.45333333333333337
1979-07-01	0.3	-0.16666666666666666	-0.29333333333333333
1979-08-01	0.05	0.05666666666666669	-0.21333333333333335
1979-09-01	0.88	0.3166666666666667	-0.07499999999999997
1979-10-01	1.1	0.5200000000000001	0.010833333333333361
1979-11-01	0.58	0.5216666666666667	0.06000000000000002
1979-12-01	0.06	0.4950000000000001	0.10750000000000003
1980-01-01	0.06	0.45500000000000007	0.1441666666666667
1980-02-01	0.58	0.5433333333333333	0.30000000000000004
1980-03-01	0.62	0.5	0.4083333333333334
1980-04-01	0.78	0.4466666666666667	0.4833333333333334
1980-05-01	0.64	0.4566666666666667	0.48916666666666675
1980-06-01	-0.72	0.32666666666666666	0.4108333333333334
1980-07-01	-0.21	0.2816666666666667	0.3683333333333334
1980-08-01	0.08	0.1983333333333334	0.3708333333333334
1980-09-01	-0.13	0.07333333333333338	0.28666666666666674
1980-10-01	0.99	0.10833333333333338	0.2775
1980-11-01	0.71	0.12000000000000004	0.2883333333333334
1980-12-01	0.3	0.29000000000000004	0.3083333333333334
1981-01-01	1.18	0.5216666666666666	0.40166666666666667
1981-02-01	1.24	0.715	0.4566666666666667
1981-03-01	1.22	0.94	0.5066666666666667
1981-04-01	1.07	0.9533333333333335	0.5308333333333334
1981-05-01	1.29	1.05	0.5850000000000001
1981-06-01	1.82	1.3033333333333335	0.7966666666666667
1981-07-01	0.82	1.2433333333333334	0.8825000000000002
1981-08-01	-0.05	1.0283333333333333	0.8716666666666667
1981-09-01	0.43	0.8966666666666668	0.9183333333333333
1981-10-01	-0.09	0.7033333333333333	0.8283333333333333
1981-11-01	0.54	0.5783333333333334	0.8141666666666668
1981-12-01	0.59	0.37333333333333335	0.8383333333333334
1982-01-01	0.11	0.25500000000000006	0.7491666666666666
1982-02-01	-0.19	0.2316666666666667	0.63
1982-03-01	-0.37	0.09833333333333338	0.4975
1982-04-01	-0.7	-0.0033333333333332806	0.3500000000000001
1982-05-01	-1.21	-0.29499999999999993	0.14166666666666675
1982-06-01	-0.99	-0.5583333333333332	-0.09249999999999996
1982-07-01	0.12	-0.5566666666666666	-0.15083333333333326
1982-08-01	-0.08	-0.5383333333333332	-0.1533333333333333
1982-09-01	0.51	-0.3916666666666666	-0.14666666666666664
1982-10-01	0.15	-0.24999999999999992	-0.12666666666666662
1982-11-01	-0.6	-0.14833333333333323	-0.2216666666666666
1982-12-01	0.16	0.043333333333333425	-0.25749999999999995
1983-01-01	0.4	0.0900000000000001	-0.23333333333333325
1983-02-01	0.97	0.26500000000000007	-0.1366666666666666
1983-03-01	1.73	0.46833333333333343	0.038333333333333386
1983-04-01	1.26	0.6533333333333334	0.20166666666666674
1983-05-01	1.01	0.9216666666666667	0.3866666666666667
1983-06-01	1.9	1.2116666666666667	0.6275000000000001
1983-07-01	2.47	1.5566666666666666	0.8233333333333334
1983-08-01	1.18	1.5916666666666668	0.9283333333333333
1983-09-01	0.47	1.3816666666666668	0.9250000000000002
1983-10-01	0.68	1.2850000000000001	0.9691666666666667
1983-11-01	1.19	1.3150000000000002	1.1183333333333334
1983-12-01	1.72	1.2850000000000001	1.2483333333333333
1984-01-01	1.42	1.11	1.3333333333333333
1984-02-01	1.23	1.1183333333333334	1.3550000000000002
1984-03-01	1.56	1.3	1.3408333333333333
1984-04-01	1.0	1.3533333333333335	1.3191666666666666
1984-05-01	0.87	1.3	1.3075
1984-06-01	-0.13	0.9916666666666668	1.1383333333333334
1984-07-01	-0.35	0.6966666666666668	0.9033333333333333
1984-08-01	0.01	0.4933333333333334	0.8058333333333333
1984-09-01	0.18	0.2633333333333334	0.7816666666666666
1984-10-01	0.43	0.16833333333333342	0.7608333333333333
1984-11-01	0.54	0.11333333333333341	0.7066666666666667
1984-12-01	0.48	0.21500000000000008	0.6033333333333334
1985-01-01	0.87	0.41833333333333345	0.5575
1985-02-01	0.48	0.49666666666666676	0.49500000000000005
1985-03-01	-0.34	0.4100000000000001	0.3366666666666667
1985-04-01	-0.52	0.25166666666666676	0.21000000000000005
1985-05-01	-0.87	0.016666666666666736	0.06500000000000004
1985-06-01	0.04	-0.056666666666666594	0.0791666666666667
1985-07-01	0.52	-0.11499999999999992	0.1516666666666667
1985-08-01	0.19	-0.16333333333333325	0.1666666666666667
1985-09-01	0.13	-0.08499999999999992	0.16250000000000006
1985-10-01	0.14	0.025000000000000067	0.13833333333333336
1985-11-01	-0.65	0.06166666666666674	0.03916666666666672
1985-12-01	0.33	0.11000000000000006	0.026666666666666713
1986-01-01	1.04	0.19666666666666674	0.04083333333333339
1986-02-01	1.47	0.4100000000000001	0.12333333333333336
1986-03-01	1.68	0.6683333333333334	0.29166666666666674
1986-04-01	1.21	0.8466666666666667	0.43583333333333346
1986-05-01	0.85	1.096666666666667	0.5791666666666667
1986-06-01	0.62	1.1450000000000002	0.6275000000000001
1986-07-01	1.05	1.1466666666666667	0.6716666666666667
1986-08-01	-0.19	0.87	0.64
1986-09-01	-0.03	0.5850000000000001	0.6266666666666667
1986-10-01	1.0	0.55	0.6983333333333334
1986-11-01	1.68	0.6883333333333334	0.8925000000000001
1986-12-01	1.71	0.87	1.0075
1987-01-01	1.47	0.9400000000000001	1.0433333333333332
1987-02-01	1.46	1.215	1.0425000000000002
1987-03-01	1.35	1.445	1.0150000000000001
1987-04-01	1.38	1.5083333333333335	1.0291666666666668
1987-05-01	0.82	1.365	1.0266666666666666
1987-06-01	0.05	1.0883333333333334	0.9791666666666666
1987-07-01	1.38	1.0733333333333335	1.0066666666666666
1987-08-01	1.74	1.12	1.1675
1987-09-01	1.44	1.135	1.29
1987-10-01	0.68	1.0183333333333333	1.2633333333333334
1987-11-01	0.93	1.0366666666666668	1.2008333333333334
1987-12-01	0.94	1.1849999999999998	1.1366666666666667
1988-01-01	0.23	0.9933333333333335	1.0333333333333334
1988-02-01	0.47	0.7816666666666667	0.9508333333333333
1988-03-01	0.49	0.6233333333333334	0.8791666666666665
1988-04-01	0.34	0.5666666666666668	0.7925
1988-05-01	0.37	0.4733333333333334	0.755
1988-06-01	0.21	0.35166666666666674	0.7683333333333332
1988-07-01	-0.15	0.2883333333333334	0.6408333333333334
1988-08-01	-0.88	0.06333333333333337	0.42250000000000004
1988-09-01	-0.98	-0.18166666666666664	0.2208333333333334
1988-10-01	-0.36	-0.2983333333333333	0.13416666666666674
1988-11-01	-0.06	-0.36999999999999994	0.051666666666666715
1988-12-01	-0.14	-0.4283333333333333	-0.03833333333333328
1989-01-01	-1.24	-0.61	-0.16083333333333327
1989-02-01	-1.45	-0.705	-0.3208333333333333
1989-03-01	-1.24	-0.7483333333333334	-0.465
1989-04-01	-0.32	-0.7416666666666666	-0.5199999999999999
1989-05-01	-0.09	-0.7466666666666666	-0.5583333333333333
1989-06-01	0.11	-0.705	-0.5666666666666667
1989-07-01	0.56	-0.40499999999999997	-0.5075
1989-08-01	-0.44	-0.2366666666666666	-0.47083333333333327
1989-09-01	-0.57	-0.12499999999999996	-0.4366666666666666
1989-10-01	-0.51	-0.15666666666666662	-0.44916666666666666
1989-11-01	-0.76	-0.2683333333333333	-0.5075
1989-12-01	-0.1	-0.3033333333333333	-0.5041666666666667
1990-01-01	-0.42	-0.4666666666666666	-0.4358333333333333
1990-02-01	-1.28	-0.6066666666666667	-0.42166666666666663
1990-03-01	-1.24	-0.7183333333333334	-0.42166666666666663
1990-04-01	-0.15	-0.6583333333333333	-0.4075
1990-05-01	-0.32	-0.5850000000000001	-0.4266666666666666
1990-06-01	-0.25	-0.61	-0.4566666666666666
1990-07-01	-0.31	-0.5916666666666667	-0.5291666666666666
1990-08-01	-0.43	-0.45	-0.5283333333333333
1990-09-01	-0.26	-0.2866666666666667	-0.5025
1990-10-01	-1.16	-0.455	-0.5566666666666666
1990-11-01	-1.88	-0.715	-0.65
1990-12-01	-2.22	-1.0433333333333332	-0.8266666666666665
1991-01-01	-1.8	-1.2916666666666667	-0.9416666666666665
1991-02-01	-1.09	-1.4016666666666666	-0.9258333333333333
1991-03-01	-1.11	-1.5433333333333332	-0.915
1991-04-01	-1.63	-1.6216666666666668	-1.0383333333333333
1991-05-01	-1.65	-1.5833333333333333	-1.1491666666666667
1991-06-01	-2.25	-1.5883333333333332	-1.3158333333333332
1991-07-01	-1.57	-1.5499999999999998	-1.4208333333333334
1991-08-01	-0.58	-1.4649999999999999	-1.4333333333333333
1991-09-01	0.37	-1.2183333333333333	-1.3808333333333334
1991-10-01	0.41	-0.8783333333333333	-1.2499999999999998
1991-11-01	0.56	-0.51	-1.0466666666666666
1991-12-01	-0.21	-0.17	-0.8791666666666665
1992-01-01	0.08	0.105	-0.7224999999999998
1992-02-01	0.17	0.22999999999999998	-0.6174999999999998
1992-03-01	0.12	0.18833333333333332	-0.515
1992-04-01	0.55	0.21166666666666667	-0.3333333333333333
1992-05-01	1.26	0.3283333333333333	-0.09083333333333328
1992-06-01	1.22	0.5666666666666668	0.1983333333333334
1992-07-01	1.5	0.8033333333333333	0.4541666666666668
1992-08-01	0.85	0.9166666666666666	0.5733333333333334
1992-09-01	0.45	0.9716666666666667	0.5800000000000001
1992-10-01	1.28	1.0933333333333335	0.6525000000000001
1992-11-01	1.31	1.1016666666666668	0.7150000000000002
1992-12-01	0.33	0.9533333333333333	0.7600000000000001
1993-01-01	-0.28	0.6566666666666666	0.73
1993-02-01	0.02	0.5183333333333334	0.7174999999999999
1993-03-01	0.24	0.48333333333333334	0.7275
1993-04-01	1.0	0.4366666666666667	0.765
1993-05-01	1.79	0.5166666666666667	0.8091666666666667
1993-06-01	2.05	0.8033333333333333	0.8783333333333333
1993-07-01	1.48	1.0966666666666667	0.8766666666666666
1993-08-01	1.96	1.42	0.9691666666666667
1993-09-01	1.15	1.5716666666666665	1.0275
1993-10-01	1.31	1.623333333333333	1.03
1993-11-01	1.13	1.5133333333333334	1.0150000000000001
1993-12-01	0.67	1.2833333333333332	1.0433333333333334
1994-01-01	0.85	1.1783333333333335	1.1375
1994-02-01	0.33	0.9066666666666666	1.1633333333333333
1994-03-01	0.27	0.7599999999999999	1.1658333333333333
1994-04-01	0.49	0.6233333333333333	1.1233333333333333
1994-05-01	0.55	0.5266666666666667	1.02
1994-06-01	0.1	0.4316666666666667	0.8575
1994-07-01	-0.91	0.13833333333333334	0.6583333333333333
1994-08-01	-0.88	-0.06333333333333334	0.4216666666666668
1994-09-01	-1.51	-0.36000000000000004	0.20000000000000007
1994-10-01	-1.06	-0.6183333333333333	0.0025000000000000577
1994-11-01	-1.93	-1.0316666666666665	-0.25249999999999995
1994-12-01	-2.22	-1.4183333333333332	-0.49333333333333323
1995-01-01	-0.86	-1.41	-0.6358333333333334
1995-02-01	0.02	-1.26	-0.6616666666666665
1995-03-01	0.46	-0.9316666666666666	-0.6458333333333333
1995-04-01	0.49	-0.6733333333333332	-0.6458333333333331
1995-05-01	0.89	-0.20333333333333328	-0.6174999999999999
1995-06-01	1.03	0.3383333333333334	-0.5399999999999999
1995-07-01	1.0	0.6483333333333333	-0.3808333333333332
1995-08-01	-0.11	0.6266666666666666	-0.3166666666666666
1995-09-01	1.22	0.7533333333333333	-0.0891666666666666
1995-10-01	0.64	0.7783333333333333	0.052500000000000074
1995-11-01	0.05	0.6383333333333333	0.21750000000000005
1995-12-01	0.44	0.5399999999999999	0.4391666666666667
1996-01-01	1.01	0.5416666666666666	0.5950000000000001
1996-02-01	1.01	0.7283333333333334	0.6775000000000001
1996-03-01	0.85	0.6666666666666666	0.7100000000000001
1996-04-01	1.37	0.7883333333333334	0.7833333333333333
1996-05-01	2.13	1.135	0.8866666666666667
1996-06-01	1.1	1.2449999999999999	0.8925000000000001
1996-07-01	0.57	1.1716666666666666	0.8566666666666668
1996-08-01	-0.66	0.8933333333333334	0.8108333333333334
1996-09-01	0.07	0.7633333333333332	0.7150000000000002
1996-10-01	0.4	0.6016666666666667	0.6950000000000002
1996-11-01	0.38	0.31	0.7225
1996-12-01	-0.03	0.12166666666666666	0.6833333333333335
1997-01-01	0.44	0.09999999999999999	0.6358333333333334
1997-02-01	0.29	0.25833333333333336	0.5758333333333334
1997-03-01	0.39	0.31166666666666665	0.5375
1997-04-01	0.73	0.3666666666666667	0.4841666666666667
1997-05-01	1.59	0.5683333333333334	0.43916666666666676
1997-06-01	2.55	0.9983333333333334	0.56
1997-07-01	1.49	1.1733333333333333	0.6366666666666667
1997-08-01	2.27	1.5033333333333332	0.8808333333333334
1997-09-01	1.8	1.7383333333333333	1.0250000000000001
1997-10-01	1.78	1.9133333333333333	1.14
1997-11-01	1.48	1.8950000000000002	1.2316666666666667
1997-12-01	0.99	1.635	1.3166666666666667
1998-01-01	1.05	1.5616666666666665	1.3675
1998-02-01	1.52	1.4366666666666668	1.47
1998-03-01	1.29	1.3516666666666666	1.5450000000000002
1998-04-01	0.03	1.06	1.4866666666666666
1998-05-01	-0.83	0.6750000000000002	1.2850000000000001
1998-06-01	-0.78	0.38000000000000006	1.0075
1998-07-01	-1.16	0.011666666666666714	0.7866666666666667
1998-08-01	-0.87	-0.38666666666666666	0.5250000000000001
1998-09-01	-1.7	-0.8849999999999999	0.23333333333333348
1998-10-01	-2.23	-1.2616666666666667	-0.10083333333333322
1998-11-01	-0.97	-1.285	-0.3049999999999999
1998-12-01	-1.09	-1.3366666666666667	-0.4783333333333332
1999-01-01	-0.78	-1.2733333333333332	-0.6308333333333332
1999-02-01	-1.06	-1.305	-0.8458333333333332
1999-03-01	-1.18	-1.2183333333333335	-1.0516666666666665
1999-04-01	-1.85	-1.155	-1.2083333333333333
1999-05-01	-2.32	-1.38	-1.3324999999999998
1999-06-01	-2.34	-1.5883333333333332	-1.4624999999999997
1999-07-01	-1.87	-1.7700000000000002	-1.5216666666666665
1999-08-01	-1.84	-1.9000000000000001	-1.6024999999999998
1999-09-01	-2.24	-2.0766666666666667	-1.6475
1999-10-01	-2.54	-2.1916666666666664	-1.6733333333333331
1999-11-01	-2.18	-2.1683333333333334	-1.7741666666666667
1999-12-01	-1.92	-2.0983333333333336	-1.8433333333333335
2000-01-01	-2.2	-2.1533333333333333	-1.9616666666666667
2000-02-01	-1.28	-2.06	-1.9800000000000002
2000-03-01	-0.66	-1.7966666666666669	-1.9366666666666668
2000-04-01	-0.63	-1.4783333333333335	-1.835
2000-05-01	-0.81	-1.25	-1.7091666666666665
2000-06-01	-0.64	-1.0366666666666666	-1.5675
2000-07-01	-1.51	-0.9216666666666665	-1.5374999999999999
2000-08-01	-1.68	-0.9883333333333334	-1.5241666666666667
2000-09-01	-1.45	-1.12	-1.4583333333333333
2000-10-01	-1.61	-1.2833333333333334	-1.3808333333333334
2000-11-01	-1.04	-1.3216666666666665	-1.2858333333333334
2000-12-01	0.0	-1.215	-1.1258333333333332
2001-01-01	0.48	-0.8833333333333333	-0.9025
2001-02-01	-0.01	-0.605	-0.7966666666666665
2001-03-01	-0.41	-0.4316666666666667	-0.7758333333333333
2001-04-01	-1.18	-0.36000000000000004	-0.8216666666666667
2001-05-01	-1.12	-0.37333333333333335	-0.8474999999999998
2001-06-01	-1.22	-0.5766666666666667	-0.8958333333333331
2001-07-01	-2.21	-1.0250000000000001	-0.9541666666666666
2001-08-01	-1.68	-1.3033333333333335	-0.9541666666666666
2001-09-01	-1.98	-1.5650000000000002	-0.9983333333333332
2001-10-01	-1.91	-1.6866666666666668	-1.0233333333333332
2001-11-01	-1.25	-1.7083333333333333	-1.0408333333333333
2001-12-01	-1.12	-1.6916666666666667	-1.1341666666666665
2002-01-01	-0.42	-1.3933333333333333	-1.2091666666666667
2002-02-01	-1.51	-1.365	-1.3341666666666665
2002-03-01	-1.27	-1.2466666666666668	-1.4058333333333335
2002-04-01	-1.23	-1.1333333333333333	-1.41
2002-05-01	-1.3	-1.1416666666666666	-1.4249999999999998
2002-06-01	-1.18	-1.1516666666666666	-1.4216666666666666
2002-07-01	-0.71	-1.2	-1.2966666666666666
2002-08-01	0.11	-0.93	-1.1475
2002-09-01	-0.21	-0.7533333333333333	-0.9999999999999999
2002-10-01	-0.2	-0.5816666666666667	-0.8574999999999999
2002-11-01	1.08	-0.18499999999999997	-0.6633333333333332
2002-12-01	1.57	0.2733333333333334	-0.43916666666666665
2003-01-01	1.45	0.6333333333333333	-0.2833333333333332
2003-02-01	1.23	0.82	-0.05499999999999992
2003-03-01	1.01	1.0233333333333334	0.1350000000000001
2003-04-01	0.36	1.1166666666666667	0.26750000000000007
2003-05-01	0.21	0.9716666666666667	0.39333333333333337
2003-06-01	-0.42	0.64	0.4566666666666667
2003-07-01	0.37	0.45999999999999996	0.5466666666666667
2003-08-01	0.63	0.36000000000000004	0.5900000000000001
2003-09-01	-0.17	0.16333333333333333	0.5933333333333334
2003-10-01	0.74	0.22666666666666666	0.6716666666666667
2003-11-01	-0.23	0.15333333333333335	0.5625000000000001
2003-12-01	-0.6	0.12333333333333331	0.38166666666666677
2004-01-01	-0.55	-0.03000000000000001	0.21500000000000005
2004-02-01	-0.21	-0.17	0.09500000000000007
2004-03-01	-0.15	-0.16666666666666666	-0.0016666666666665941
2004-04-01	-0.0	-0.29	-0.03166666666666659
2004-05-01	0.61	-0.15	0.0016666666666667422
2004-06-01	-0.11	-0.06833333333333334	0.02750000000000007
2004-07-01	0.04	0.03	6.996718019773122e-17
2004-08-01	0.24	0.105	-0.032499999999999925
2004-09-01	0.02	0.13333333333333333	-0.016666666666666594
2004-10-01	-0.72	0.013333333333333345	-0.13833333333333325
2004-11-01	-1.22	-0.2916666666666667	-0.22083333333333324
2004-12-01	-0.64	-0.37999999999999995	-0.2241666666666666
2005-01-01	-0.15	-0.4116666666666666	-0.19083333333333327
2005-02-01	-0.01	-0.45333333333333337	-0.17416666666666658
2005-03-01	0.7	-0.34	-0.10333333333333326
2005-04-01	0.28	-0.17333333333333334	-0.07999999999999992
2005-05-01	1.36	0.25666666666666665	-0.017499999999999905
2005-06-01	0.85	0.505	0.06250000000000008
2005-07-01	0.11	0.5483333333333333	0.06833333333333341
2005-08-01	-0.42	0.48	0.013333333333333414
2005-09-01	-0.99	0.19833333333333336	-0.07083333333333325
2005-10-01	-2.0	-0.18166666666666664	-0.1774999999999999
2005-11-01	-1.89	-0.7233333333333333	-0.23333333333333325
2005-12-01	-0.1	-0.8816666666666667	-0.18833333333333324
2006-01-01	0.54	-0.81	-0.13083333333333325
2006-02-01	0.38	-0.6766666666666667	-0.09833333333333323
2006-03-01	-0.74	-0.6349999999999999	-0.21833333333333324
2006-04-01	-0.54	-0.3916666666666666	-0.28666666666666657
2006-05-01	-0.37	-0.13833333333333334	-0.43083333333333323
2006-06-01	0.21	-0.08666666666666667	-0.4841666666666666
2006-07-01	0.39	-0.11166666666666668	-0.46083333333333326
2006-08-01	-0.85	-0.31666666666666665	-0.4966666666666666
2006-09-01	-1.54	-0.45	-0.5424999999999999
2006-10-01	-0.46	-0.4366666666666667	-0.41416666666666657
2006-11-01	-0.81	-0.5099999999999999	-0.3241666666666666
2006-12-01	-0.42	-0.615	-0.3508333333333333
2007-01-01	-0.69	-0.7949999999999999	-0.4533333333333333
2007-02-01	-0.71	-0.7716666666666666	-0.5441666666666666
2007-03-01	-1.1	-0.6983333333333333	-0.5741666666666666
2007-04-01	-0.46	-0.6983333333333333	-0.5675
2007-05-01	-0.29	-0.6116666666666667	-0.5608333333333333
2007-06-01	-0.07	-0.5533333333333333	-0.5841666666666666
2007-07-01	0.43	-0.36666666666666664	-0.5808333333333332
2007-08-01	0.09	-0.2333333333333333	-0.5025
2007-09-01	-0.97	-0.21166666666666664	-0.4549999999999999
2007-10-01	-2.33	-0.5233333333333333	-0.6108333333333332
2007-11-01	-1.46	-0.7183333333333333	-0.6649999999999999
2007-12-01	-0.87	-0.8516666666666666	-0.7025
2008-01-01	-1.5	-1.1733333333333333	-0.77
2008-02-01	-1.46	-1.4316666666666666	-0.8324999999999999
2008-03-01	-1.26	-1.4799999999999998	-0.8458333333333332
2008-04-01	-1.79	-1.39	-0.9566666666666666
2008-05-01	-1.62	-1.4166666666666667	-1.0675
2008-06-01	-1.85	-1.58	-1.2158333333333333
2008-07-01	-1.96	-1.6566666666666665	-1.415
2008-08-01	-1.85	-1.7216666666666667	-1.5766666666666664
2008-09-01	-1.87	-1.8233333333333333	-1.6516666666666666
2008-10-01	-1.9	-1.8416666666666668	-1.615833333333333
2008-11-01	-1.59	-1.8366666666666667	-1.6266666666666667
2008-12-01	-1.31	-1.7466666666666668	-1.6633333333333333
2009-01-01	-1.81	-1.7216666666666665	-1.6891666666666667
2009-02-01	-1.78	-1.71	-1.7158333333333333
2009-03-01	-2.06	-1.7416666666666665	-1.7825
2009-04-01	-2.23	-1.7966666666666666	-1.8191666666666666
2009-05-01	-1.32	-1.7516666666666667	-1.7941666666666667
2009-06-01	-0.73	-1.655	-1.7008333333333334
2009-07-01	-0.71	-1.4716666666666665	-1.5966666666666667
2009-08-01	-0.49	-1.2566666666666666	-1.4833333333333334
2009-09-01	0.33	-0.8583333333333333	-1.3
2009-10-01	-0.13	-0.5083333333333332	-1.1525
2009-11-01	-0.94	-0.44499999999999984	-1.0983333333333334
2009-12-01	-0.51	-0.4083333333333332	-1.0316666666666665
2010-01-01	0.05	-0.2816666666666665	-0.8766666666666666
2010-02-01	0.25	-0.1583333333333332	-0.7075
2010-03-01	-0.16	-0.23999999999999988	-0.5491666666666666
2010-04-01	-0.04	-0.22499999999999984	-0.36666666666666664
2010-05-01	-0.18	-0.0983333333333332	-0.2716666666666666
2010-06-01	-0.79	-0.14499999999999988	-0.2766666666666666
2010-07-01	-1.99	-0.4849999999999999	-0.3833333333333333
2010-08-01	-2.21	-0.8949999999999999	-0.5266666666666666
2010-09-01	-2.45	-1.2766666666666666	-0.7583333333333333
2010-10-01	-1.6	-1.5366666666666664	-0.8808333333333332
2010-11-01	-1.57	-1.7683333333333333	-0.9333333333333332
2010-12-01	-2.04	-1.9766666666666666	-1.0608333333333333
2011-01-01	-1.8	-1.945	-1.215
2011-02-01	-1.46	-1.82	-1.3575
2011-03-01	-1.28	-1.6249999999999998	-1.4508333333333334
2011-04-01	-1.02	-1.528333333333333	-1.5325
2011-05-01	-0.66	-1.3766666666666667	-1.5725
2011-06-01	-1.08	-1.2166666666666666	-1.5966666666666667
2011-07-01	-2.3	-1.2999999999999998	-1.6224999999999998
2011-08-01	-2.37	-1.4516666666666664	-1.6358333333333333
2011-09-01	-2.5	-1.655	-1.64
2011-10-01	-1.92	-1.805	-1.6666666666666667
2011-11-01	-2.95	-2.1866666666666665	-1.7816666666666665
2011-12-01	-2.4	-2.4066666666666667	-1.8116666666666665
2012-01-01	-1.85	-2.3316666666666666	-1.8158333333333332
2012-02-01	-1.35	-2.1616666666666666	-1.8066666666666666
2012-03-01	-1.66	-2.0216666666666665	-1.8383333333333332
2012-04-01	-1.01	-1.8699999999999999	-1.8375000000000001
2012-05-01	-2.12	-1.7316666666666665	-1.9591666666666667
2012-06-01	-1.63	-1.6033333333333333	-2.005
2012-07-01	-2.4	-1.695	-2.013333333333333
2012-08-01	-2.6	-1.9033333333333333	-2.0325
2012-09-01	-2.99	-2.125	-2.0733333333333337
2012-10-01	-1.22	-2.1599999999999997	-2.015
2012-11-01	-0.66	-1.9166666666666667	-1.8241666666666667
2012-12-01	-1.31	-1.8633333333333333	-1.7333333333333334
2013-01-01	-1.1	-1.6466666666666665	-1.6708333333333334
2013-02-01	-1.42	-1.45	-1.6766666666666665
2013-03-01	-1.48	-1.1983333333333333	-1.6616666666666664
2013-04-01	-0.72	-1.115	-1.6375
2013-05-01	-0.4	-1.0716666666666665	-1.4941666666666666
2013-06-01	-1.19	-1.0516666666666665	-1.4575000000000002
2013-07-01	-1.34	-1.0916666666666666	-1.3691666666666666
2013-08-01	-1.56	-1.115	-1.2825
2013-09-01	-1.0	-1.035	-1.1166666666666665
2013-10-01	-1.65	-1.1899999999999997	-1.1525
2013-11-01	-1.09	-1.305	-1.1883333333333332
2013-12-01	-1.04	-1.28	-1.1658333333333333
2014-01-01	-0.57	-1.1516666666666666	-1.1216666666666666
2014-02-01	-0.42	-0.9616666666666664	-1.0383333333333333
2014-03-01	0.3	-0.7449999999999998	-0.89
2014-04-01	0.36	-0.4099999999999999	-0.7999999999999999
2014-05-01	1.27	-0.016666666666666535	-0.6608333333333333
2014-06-01	-0.28	0.11000000000000014	-0.585
2014-07-01	0.25	0.2466666666666668	-0.45249999999999996
2014-08-01	0.34	0.37333333333333346	-0.2941666666666666
2014-09-01	0.76	0.4500000000000002	-0.14749999999999994
2014-10-01	1.43	0.6283333333333335	0.10916666666666673
2014-11-01	1.35	0.6416666666666668	0.31250000000000006
2014-12-01	1.86	0.9983333333333335	0.5541666666666668
2015-01-01	1.5	1.2066666666666668	0.7266666666666667
2015-02-01	1.52	1.4033333333333335	0.8883333333333335
2015-03-01	1.33	1.4983333333333337	0.9741666666666667
2015-04-01	0.89	1.4083333333333334	1.0183333333333333
2015-05-01	0.32	1.2366666666666668	0.9391666666666668
2015-06-01	0.81	1.0616666666666668	1.03
2015-07-01	1.4	1.0450000000000002	1.1258333333333335
2015-08-01	0.98	0.9550000000000002	1.1791666666666667
2015-09-01	0.96	0.8933333333333335	1.1958333333333335
2015-10-01	0.84	0.8850000000000001	1.1466666666666667
2015-11-01	0.17	0.8600000000000002	1.0483333333333333
2015-12-01	0.28	0.7716666666666668	0.9166666666666666
2016-01-01	0.74	0.6616666666666668	0.8533333333333334
2016-02-01	1.29	0.7133333333333335	0.8341666666666668
2016-03-01	1.55	0.8116666666666669	0.8525
2016-04-01	1.73	0.9600000000000003	0.9225
2016-05-01	1.6	1.1983333333333335	1.0291666666666666
2016-06-01	0.85	1.2933333333333337	1.0325000000000002
2016-07-01	0.56	1.2633333333333334	0.9625
2016-08-01	-0.61	0.9466666666666669	0.8300000000000001
2016-09-01	-0.81	0.5533333333333336	0.6825000000000001
2016-10-01	-0.43	0.1933333333333335	0.5766666666666668
2016-11-01	0.96	0.08666666666666682	0.6425000000000001
2016-12-01	0.6	0.04500000000000015	0.6691666666666668
2017-01-01	-0.05	-0.056666666666666525	0.6033333333333334
2017-02-01	-0.01	0.043333333333333474	0.4950000000000001
2017-03-01	0.1	0.19500000000000017	0.37416666666666676
2017-04-01	0.56	0.36000000000000015	0.2766666666666668
2017-05-01	0.45	0.2750000000000002	0.1808333333333334
2017-06-01	0.35	0.2333333333333335	0.13916666666666674
2017-07-01	-0.43	0.17000000000000015	0.05666666666666673
2017-08-01	-0.63	0.06666666666666682	0.05500000000000008
2017-09-01	-0.19	0.01833333333333349	0.10666666666666676
2017-10-01	-0.68	-0.1883333333333332	0.08583333333333341
2017-11-01	-0.59	-0.3616666666666665	-0.04333333333333325
2017-12-01	-0.03	-0.4249999999999998	-0.09583333333333326
2018-01-01	0.4	-0.28666666666666646	-0.058333333333333244
2018-02-01	-0.07	-0.19333333333333316	-0.06333333333333324
2018-03-01	-0.71	-0.27999999999999986	-0.13083333333333325
2018-04-01	-0.81	-0.30166666666666647	-0.2449999999999999
2018-05-01	-0.45	-0.27833333333333315	-0.31999999999999995
2018-06-01	-0.65	-0.38166666666666654	-0.4033333333333333
2018-07-01	-0.01	-0.4499999999999998	-0.36833333333333323
2018-08-01	-0.21	-0.4733333333333332	-0.33333333333333326
2018-09-01	-0.35	-0.4133333333333331	-0.3466666666666666
2018-10-01	-0.57	-0.37333333333333313	-0.3374999999999999
2018-11-01	-0.69	-0.4133333333333331	-0.3458333333333332
2018-12-01	-0.2	-0.33833333333333315	-0.3599999999999999
2019-01-01	-0.34	-0.39333333333333315	-0.4216666666666666
2019-02-01	-0.72	-0.47833333333333306	-0.4758333333333333
2019-03-01	-0.34	-0.4766666666666665	-0.4449999999999999
2019-04-01	0.1	-0.3649999999999998	-0.3691666666666666
2019-05-01	0.27	-0.20499999999999982	-0.3091666666666666
2019-06-01	-0.05	-0.17999999999999983	-0.25916666666666655
2019-07-01	0.55	-0.031666666666666475	-0.2124999999999999
2019-08-01	0.01	0.09000000000000019	-0.19416666666666657
2019-09-01	0.13	0.16833333333333353	-0.15416666666666656
2019-10-01	-0.89	0.0033333333333335213	-0.18083333333333326
2019-11-01	-0.49	-0.12333333333333314	-0.16416666666666657
2019-12-01	0.0	-0.11499999999999981	-0.1474999999999999
2020-01-01	-1.41	-0.44166666666666643	-0.23666666666666658
2020-02-01	-1.48	-0.6899999999999998	-0.2999999999999999
2020-03-01	-1.75	-1.0033333333333332	-0.4174999999999999
2020-04-01	-1.32	-1.075	-0.5358333333333332
2020-05-01	-0.52	-1.0799999999999998	-0.6016666666666666
2020-06-01	-0.76	-1.2066666666666663	-0.6608333333333333
2020-07-01	-0.91	-1.123333333333333	-0.7824999999999999
2020-08-01	-1.32	-1.0966666666666665	-0.8933333333333332
2020-09-01	-1.04	-0.9783333333333332	-0.9908333333333333
2020-10-01	-0.62	-0.8616666666666665	-0.9683333333333333
2020-11-01	-1.58	-1.0383333333333333	-1.0591666666666666
2020-12-01	-0.99	-1.0766666666666664	-1.1416666666666666
2021-01-01	-0.61	-1.0266666666666666	-1.075
2021-02-01	-1.1	-0.9899999999999999	-1.0433333333333332
2021-03-01	-1.68	-1.0966666666666665	-1.0374999999999999
2021-04-01	-1.85	-1.3016666666666665	-1.0816666666666668
2021-05-01	-2.01	-1.373333333333333	-1.2058333333333333
2021-06-01	-1.82	-1.5116666666666665	-1.2941666666666667
2021-07-01	-1.97	-1.7383333333333333	-1.3825
2021-08-01	-0.93	-1.7099999999999997	-1.3499999999999999
2021-09-01	-1.96	-1.7566666666666666	-1.4266666666666667
2021-10-01	-3.11	-1.9666666666666666	-1.6341666666666665
2021-11-01	-2.73	-2.0866666666666664	-1.7300000000000002
2021-12-01	-2.71	-2.235	-1.873333333333333
