date	soi-index	MA-6	MA-12
1951-01-01	2.5		
1951-02-01	1.5		
1951-03-01	-0.2		
1951-04-01	-0.5		
1951-05-01	-1.1		
1951-06-01	0.3	0.4166666666666667	
1951-07-01	-1.7	-0.2833333333333333	
1951-08-01	-0.4	-0.6	
1951-09-01	-1.8	-0.8666666666666667	
1951-10-01	-1.6	-1.05	
1951-11-01	-1.3	-1.0833333333333335	
1951-12-01	-1.2	-1.3333333333333333	-0.4583333333333333
1952-01-01	-1.5	-1.3	-0.7916666666666666
1952-02-01	-1.0	-1.4000000000000001	-1.0
1952-03-01	0.9	-0.9500000000000001	-0.9083333333333333
1952-04-01	-0.4	-0.75	-0.9
1952-05-01	1.2	-0.3333333333333333	-0.7083333333333334
1952-06-01	1.2	0.06666666666666665	-0.6333333333333334
1952-07-01	0.8	0.45	-0.425
1952-08-01	0.1	0.6333333333333333	-0.38333333333333336
1952-09-01	-0.4	0.4166666666666667	-0.26666666666666666
1952-10-01	0.6	0.5833333333333334	-0.08333333333333337
1952-11-01	0.0	0.3833333333333333	0.024999999999999977
1952-12-01	-2.0	-0.15	-0.041666666666666706
1953-01-01	0.5	-0.19999999999999998	0.12499999999999999
1953-02-01	-0.8	-0.35000000000000003	0.14166666666666666
1953-03-01	-0.3	-0.3333333333333333	0.041666666666666644
1953-04-01	0.3	-0.3833333333333333	0.09999999999999998
1953-05-01	-2.8	-0.85	-0.2333333333333333
1953-06-01	0.2	-0.4833333333333332	-0.31666666666666665
1953-07-01	-0.0	-0.5666666666666665	-0.3833333333333333
1953-08-01	-2.0	-0.7666666666666666	-0.5583333333333332
1953-09-01	-2.1	-1.0666666666666667	-0.7000000000000001
1953-10-01	0.1	-1.0999999999999999	-0.7416666666666667
1953-11-01	-0.5	-0.7166666666666667	-0.7833333333333333
1953-12-01	-0.8	-0.8833333333333333	-0.6833333333333332
1954-01-01	1.1	-0.7000000000000001	-0.6333333333333333
1954-02-01	-0.5	-0.45	-0.6083333333333333
1954-03-01	0.4	-0.03333333333333335	-0.5499999999999999
1954-04-01	1.1	0.13333333333333333	-0.48333333333333334
1954-05-01	0.8	0.35000000000000003	-0.18333333333333335
1954-06-01	0.2	0.5166666666666667	-0.18333333333333335
1954-07-01	0.7	0.44999999999999996	-0.12500000000000003
1954-08-01	1.8	0.8333333333333334	0.19166666666666665
1954-09-01	0.3	0.8166666666666665	0.39166666666666666
1954-10-01	0.4	0.7000000000000001	0.4166666666666667
1954-11-01	0.2	0.6	0.47500000000000003
1954-12-01	2.3	0.9499999999999998	0.7333333333333333
1955-01-01	-0.9	0.6833333333333332	0.5666666666666667
1955-02-01	3.1	0.9	0.8666666666666667
1955-03-01	1.1	1.0333333333333334	0.9249999999999999
1955-04-01	-0.2	0.9333333333333332	0.8166666666666668
1955-05-01	1.7	1.1833333333333333	0.8916666666666666
1955-06-01	2.2	1.1666666666666667	1.0583333333333333
1955-07-01	2.6	1.75	1.2166666666666668
1955-08-01	2.4	1.6333333333333335	1.2666666666666666
1955-09-01	2.2	1.8166666666666664	1.425
1955-10-01	2.5	2.266666666666667	1.6000000000000003
1955-11-01	2.0	2.316666666666667	1.75
1955-12-01	1.6	2.216666666666667	1.6916666666666667
1956-01-01	2.2	2.15	1.95
1956-02-01	2.7	2.2	1.916666666666667
1956-03-01	2.2	2.1999999999999997	2.0083333333333333
1956-04-01	1.5	2.033333333333333	2.15
1956-05-01	2.3	2.0833333333333335	2.2
1956-06-01	1.8	2.1166666666666667	2.1666666666666665
1956-07-01	1.8	2.0500000000000003	2.1
1956-08-01	2.0	1.9333333333333333	2.066666666666667
1956-09-01	0.1	1.5833333333333333	1.8916666666666668
1956-10-01	2.9	1.8166666666666667	1.925
1956-11-01	0.2	1.4666666666666666	1.7750000000000001
1956-12-01	1.8	1.4666666666666668	1.7916666666666667
1957-01-01	1.0	1.3333333333333333	1.6916666666666667
1957-02-01	-0.1	0.9833333333333334	1.4583333333333333
1957-03-01	0.3	1.0166666666666668	1.3
1957-04-01	0.4	0.6	1.2083333333333333
1957-05-01	-1.1	0.3833333333333333	0.9250000000000002
1957-06-01	0.3	0.13333333333333333	0.7999999999999999
1957-07-01	0.4	0.03333333333333333	0.6833333333333332
1957-08-01	-0.8	-0.08333333333333333	0.45
1957-09-01	-1.5	-0.3833333333333333	0.3166666666666667
1957-10-01	0.1	-0.43333333333333335	0.08333333333333333
1957-11-01	-1.6	-0.5166666666666666	-0.0666666666666667
1957-12-01	-0.5	-0.6499999999999999	-0.25833333333333336
1958-01-01	-3.1	-1.2333333333333334	-0.6000000000000001
1958-02-01	-0.8	-1.2333333333333332	-0.6583333333333333
1958-03-01	0.4	-0.9166666666666669	-0.65
1958-04-01	0.6	-0.8333333333333334	-0.6333333333333334
1958-05-01	-0.8	-0.7000000000000001	-0.6083333333333333
1958-06-01	0.5	-0.5333333333333333	-0.5916666666666667
1958-07-01	0.7	0.09999999999999998	-0.5666666666666667
1958-08-01	1.5	0.48333333333333334	-0.375
1958-09-01	-0.5	0.3333333333333333	-0.2916666666666667
1958-10-01	0.1	0.25	-0.2916666666666667
1958-11-01	-0.7	0.2666666666666666	-0.21666666666666667
1958-12-01	-1.0	0.016666666666666663	-0.25833333333333336
1959-01-01	-1.5	-0.35000000000000003	-0.125
1959-02-01	-2.3	-0.9833333333333334	-0.25
1959-03-01	2.1	-0.5499999999999999	-0.10833333333333332
1959-04-01	0.7	-0.45	-0.09999999999999999
1959-05-01	0.8	-0.19999999999999996	0.03333333333333335
1959-06-01	-0.2	-0.06666666666666664	-0.02499999999999999
1959-07-01	-0.4	0.11666666666666668	-0.11666666666666665
1959-08-01	-0.2	0.4666666666666666	-0.2583333333333333
1959-09-01	0.0	0.11666666666666665	-0.21666666666666665
1959-10-01	0.8	0.13333333333333333	-0.15833333333333333
1959-11-01	1.5	0.25	0.025000000000000022
1959-12-01	1.5	0.5333333333333333	0.23333333333333336
1960-01-01	0.2	0.6333333333333333	0.37500000000000006
1960-02-01	0.2	0.7000000000000001	0.5833333333333334
1960-03-01	1.7	0.9833333333333334	0.5499999999999999
1960-04-01	1.3	1.0666666666666667	0.6
1960-05-01	0.9	0.9666666666666667	0.6083333333333333
1960-06-01	0.2	0.75	0.6416666666666667
1960-07-01	0.8	0.85	0.7416666666666667
1960-08-01	1.3	1.0333333333333334	0.8666666666666667
1960-09-01	1.1	0.9333333333333332	0.9583333333333335
1960-10-01	0.2	0.75	0.9083333333333333
1960-11-01	0.9	0.75	0.8583333333333334
1960-12-01	1.3	0.9333333333333332	0.8416666666666668
1961-01-01	-0.4	0.7333333333333334	0.7916666666666669
1961-02-01	1.5	0.7666666666666667	0.9
1961-03-01	-3.0	0.08333333333333333	0.5083333333333334
1961-04-01	1.3	0.2666666666666667	0.5083333333333334
1961-05-01	0.5	0.20000000000000004	0.4750000000000001
1961-06-01	0.2	0.016666666666666708	0.4750000000000001
1961-07-01	0.4	0.15000000000000005	0.44166666666666665
1961-08-01	0.2	-0.06666666666666662	0.35000000000000003
1961-09-01	0.1	0.45	0.2666666666666667
1961-10-01	-0.5	0.15	0.20833333333333337
1961-11-01	0.9	0.21666666666666667	0.20833333333333334
1961-12-01	2.5	0.6	0.30833333333333335
1962-01-01	3.3	1.0833333333333333	0.6166666666666667
1962-02-01	-0.5	0.9666666666666667	0.45
1962-03-01	0.2	0.9833333333333334	0.7166666666666667
1962-04-01	0.3	1.1166666666666667	0.6333333333333333
1962-05-01	1.8	1.2666666666666666	0.7416666666666667
1962-06-01	1.2	1.05	0.8250000000000001
1962-07-01	0.1	0.5166666666666667	0.7999999999999999
1962-08-01	1.0	0.7666666666666666	0.8666666666666666
1962-09-01	0.7	0.85	0.9166666666666666
1962-10-01	1.6	1.0666666666666667	1.0916666666666666
1962-11-01	0.5	0.85	1.0583333333333333
1962-12-01	0.3	0.7000000000000001	0.8749999999999999
1963-01-01	1.7	0.9666666666666668	0.7416666666666667
1963-02-01	0.9	0.9500000000000001	0.8583333333333334
1963-03-01	1.9	1.1500000000000001	1.0
1963-04-01	1.3	1.0999999999999999	1.0833333333333333
1963-05-01	0.6	1.1166666666666665	0.9833333333333333
1963-06-01	-0.8	0.9333333333333332	0.8166666666666668
1963-07-01	-0.2	0.6166666666666666	0.7916666666666666
1963-08-01	0.0	0.46666666666666656	0.7083333333333334
1963-09-01	-1.0	-0.016666666666666757	0.5666666666666668
1963-10-01	-2.0	-0.5666666666666668	0.26666666666666666
1963-11-01	-1.4	-0.9	0.10833333333333335
1963-12-01	-2.0	-1.1	-0.08333333333333333
1964-01-01	-0.6	-1.1666666666666667	-0.275
1964-02-01	0.1	-1.1500000000000001	-0.3416666666666666
1964-03-01	1.9	-0.6666666666666666	-0.34166666666666673
1964-04-01	1.8	-0.03333333333333336	-0.30000000000000004
1964-05-01	0.4	0.2666666666666666	-0.31666666666666665
1964-06-01	1.2	0.7999999999999998	-0.15000000000000002
1964-07-01	0.9	1.0499999999999998	-0.05833333333333334
1964-08-01	2.5	1.45	0.15
1964-09-01	2.1	1.4833333333333332	0.4083333333333334
1964-10-01	2.2	1.5499999999999998	0.7583333333333333
1964-11-01	0.3	1.5333333333333332	0.9
1964-12-01	-0.5	1.25	1.0250000000000001
1965-01-01	-0.7	0.9833333333333333	1.0166666666666666
1965-02-01	0.7	0.6833333333333332	1.0666666666666667
1965-03-01	1.2	0.5333333333333333	1.0083333333333333
1965-04-01	-0.9	0.01666666666666659	0.7833333333333332
1965-05-01	0.3	0.01666666666666659	0.775
1965-06-01	-0.9	-0.05000000000000008	0.6
1965-07-01	-3.0	-0.4333333333333334	0.275
1965-08-01	-1.1	-0.7333333333333334	-0.024999999999999984
1965-09-01	-2.2	-1.3	-0.3833333333333333
1965-10-01	-1.5	-1.4000000000000001	-0.6916666666666668
1965-11-01	-2.4	-1.8500000000000003	-0.9166666666666666
1965-12-01	0.3	-1.6500000000000001	-0.8500000000000001
1966-01-01	-2.2	-1.5166666666666668	-0.975
1966-02-01	-0.4	-1.4000000000000001	-1.0666666666666667
1966-03-01	-1.5	-1.2833333333333334	-1.2916666666666667
1966-04-01	-0.3	-1.0833333333333335	-1.2416666666666667
1966-05-01	-0.7	-0.8000000000000002	-1.325
1966-06-01	0.5	-0.7666666666666669	-1.2083333333333333
1966-07-01	0.1	-0.38333333333333336	-0.9500000000000001
1966-08-01	1.1	-0.1333333333333334	-0.7666666666666667
1966-09-01	-0.4	0.049999999999999954	-0.6166666666666666
1966-10-01	-0.2	0.06666666666666661	-0.5083333333333334
1966-11-01	-0.0	0.18333333333333326	-0.30833333333333335
1966-12-01	-0.6	-5.551115123125783e-17	-0.3833333333333333
1967-01-01	2.8	0.4499999999999999	0.03333333333333336
1967-02-01	2.8	0.7333333333333331	0.3
1967-03-01	2.0	1.133333333333333	0.5916666666666667
1967-04-01	-0.1	1.1499999999999997	0.6083333333333334
1967-05-01	-0.0	1.1499999999999997	0.6666666666666666
1967-06-01	1.1	1.4333333333333333	0.7166666666666667
1967-07-01	0.3	1.0166666666666666	0.7333333333333334
1967-08-01	1.2	0.75	0.7416666666666667
1967-09-01	0.8	0.5499999999999999	0.8416666666666668
1967-10-01	0.1	0.5833333333333333	0.8666666666666667
1967-11-01	-0.7	0.4666666666666666	0.8083333333333332
1967-12-01	-0.9	0.13333333333333328	0.7833333333333333
1968-01-01	0.9	0.23333333333333328	0.625
1968-02-01	2.1	0.3833333333333333	0.5666666666666668
1968-03-01	0.2	0.28333333333333327	0.4166666666666667
1968-04-01	0.0	0.2666666666666666	0.425
1968-05-01	2.1	0.7333333333333334	0.6
1968-06-01	1.8	1.1833333333333333	0.6583333333333333
1968-07-01	1.1	1.2166666666666666	0.7250000000000001
1968-08-01	0.4	0.9333333333333332	0.6583333333333333
1968-09-01	-0.4	0.8333333333333334	0.5583333333333335
1968-10-01	-0.1	0.8166666666666668	0.5416666666666666
1968-11-01	-0.6	0.36666666666666664	0.55
1968-12-01	0.3	0.11666666666666663	0.65
1969-01-01	-2.4	-0.46666666666666673	0.375
1969-02-01	-0.9	-0.6833333333333335	0.12500000000000003
1969-03-01	0.7	-0.5000000000000001	0.1666666666666667
1969-04-01	-0.6	-0.5833333333333334	0.1166666666666667
1969-05-01	-0.4	-0.5500000000000002	-0.09166666666666663
1969-06-01	0.3	-0.55	-0.21666666666666665
1969-07-01	-0.8	-0.28333333333333344	-0.375
1969-08-01	-0.2	-0.16666666666666677	-0.425
1969-09-01	-1.6	-0.5500000000000002	-0.525
1969-10-01	-1.5	-0.7000000000000002	-0.6416666666666666
1969-11-01	-0.1	-0.6500000000000001	-0.6
1969-12-01	0.7	-0.5833333333333335	-0.5666666666666667
1970-01-01	-1.9	-0.7666666666666667	-0.525
1970-02-01	-1.7	-1.0166666666666668	-0.5916666666666667
1970-03-01	1.0	-0.5833333333333335	-0.5666666666666667
1970-04-01	-0.1	-0.3500000000000001	-0.525
1970-05-01	0.6	-0.23333333333333342	-0.44166666666666665
1970-06-01	1.6	-0.08333333333333341	-0.3333333333333333
1970-07-01	-0.6	0.13333333333333325	-0.3166666666666666
1970-08-01	1.0	0.5833333333333333	-0.2166666666666666
1970-09-01	1.9	0.7333333333333331	0.07500000000000005
1970-10-01	1.7	1.0333333333333332	0.34166666666666673
1970-11-01	2.6	1.3666666666666665	0.5666666666666668
1970-12-01	3.2	1.6333333333333335	0.775
1971-01-01	0.6	1.8333333333333333	0.9833333333333334
1971-02-01	3.3	2.2166666666666663	1.4000000000000001
1971-03-01	3.8	2.533333333333333	1.6333333333333335
1971-04-01	2.8	2.716666666666667	1.875
1971-05-01	1.4	2.516666666666666	1.9416666666666667
1971-06-01	0.7	2.0999999999999996	1.8666666666666665
1971-07-01	0.4	2.0666666666666664	1.95
1971-08-01	2.5	1.933333333333333	2.0749999999999997
1971-09-01	2.3	1.6833333333333333	2.1083333333333334
1971-10-01	2.8	1.683333333333333	2.1999999999999997
1971-11-01	0.9	1.5999999999999999	2.058333333333333
1971-12-01	0.4	1.5499999999999998	1.8250000000000002
1972-01-01	0.8	1.6166666666666665	1.8416666666666668
1972-02-01	1.8	1.4999999999999998	1.7166666666666666
1972-03-01	1.1	1.3	1.4916666666666665
1972-04-01	-0.2	0.7999999999999999	1.2416666666666665
1972-05-01	-2.6	0.21666666666666656	0.9083333333333333
1972-06-01	-0.9	-1.295260195396016e-16	0.7749999999999999
1972-07-01	-2.4	-0.5333333333333334	0.5416666666666666
1972-08-01	-0.8	-0.9666666666666668	0.2666666666666666
1972-09-01	-2.2	-1.5166666666666668	-0.10833333333333335
1972-10-01	-1.5	-1.7333333333333336	-0.4666666666666666
1972-11-01	-0.6	-1.4000000000000001	-0.5916666666666667
1972-12-01	-2.1	-1.6000000000000003	-0.8000000000000002
1973-01-01	-0.5	-1.2833333333333334	-0.9083333333333335
1973-02-01	-2.3	-1.5333333333333334	-1.25
1973-03-01	1.2	-0.9666666666666668	-1.241666666666667
1973-04-01	0.1	-0.7000000000000002	-1.2166666666666666
1973-05-01	0.7	-0.48333333333333345	-0.9416666666666668
1973-06-01	1.8	0.16666666666666652	-0.7166666666666668
1973-07-01	1.0	0.4166666666666665	-0.43333333333333335
1973-08-01	2.1	1.1499999999999997	-0.19166666666666668
1973-09-01	2.0	1.2833333333333332	0.15833333333333333
1973-10-01	1.3	1.4833333333333332	0.39166666666666666
1973-11-01	4.3	2.0833333333333335	0.7999999999999999
1973-12-01	3.0	2.283333333333333	1.2249999999999999
1974-01-01	4.0	2.783333333333333	1.5999999999999999
1974-02-01	3.4	3.0	2.0749999999999997
1974-03-01	4.0	3.3333333333333335	2.3083333333333336
1974-04-01	1.6	3.383333333333333	2.433333333333333
1974-05-01	1.6	2.933333333333333	2.5083333333333333
1974-06-01	0.7	2.55	2.4166666666666665
1974-07-01	1.9	2.1999999999999997	2.4916666666666667
1974-08-01	1.3	1.8499999999999999	2.4250000000000003
1974-09-01	1.8	1.4833333333333334	2.4083333333333337
1974-10-01	1.5	1.4666666666666668	2.4250000000000003
1974-11-01	-0.2	1.1666666666666665	2.0500000000000003
1974-12-01	0.3	1.0999999999999999	1.8250000000000002
1975-01-01	-0.8	0.65	1.425
1975-02-01	1.3	0.6499999999999999	1.25
1975-03-01	2.6	0.7833333333333332	1.1333333333333333
1975-04-01	1.9	0.85	1.1583333333333334
1975-05-01	1.1	1.0666666666666667	1.1166666666666667
1975-06-01	2.1	1.3666666666666665	1.2333333333333334
1975-07-01	3.1	2.0166666666666666	1.3333333333333333
1975-08-01	3.3	2.35	1.5
1975-09-01	3.4	2.483333333333333	1.6333333333333335
1975-10-01	2.8	2.6333333333333333	1.7416666666666665
1975-11-01	1.9	2.766666666666666	1.9166666666666667
1975-12-01	3.5	3.0	2.1833333333333336
1976-01-01	2.3	2.8666666666666667	2.4416666666666664
1976-02-01	2.8	2.783333333333333	2.566666666666667
1976-03-01	2.9	2.6999999999999997	2.591666666666667
1976-04-01	0.5	2.3166666666666664	2.475
1976-05-01	0.6	2.1	2.433333333333333
1976-06-01	0.4	1.5833333333333333	2.2916666666666665
1976-07-01	-1.4	0.9666666666666665	1.9166666666666667
1976-08-01	-1.3	0.28333333333333327	1.5333333333333332
1976-09-01	-1.9	-0.5166666666666667	1.0916666666666666
1976-10-01	0.7	-0.4833333333333334	0.9166666666666666
1976-11-01	1.2	-0.38333333333333347	0.8583333333333334
1976-12-01	-0.6	-0.55	0.5166666666666667
1977-01-01	-0.7	-0.4333333333333334	0.26666666666666666
1977-02-01	2.0	0.11666666666666659	0.20000000000000004
1977-03-01	-0.9	0.28333333333333327	-0.11666666666666663
1977-04-01	-0.7	0.04999999999999991	-0.21666666666666665
1977-05-01	-0.8	-0.28333333333333344	-0.3333333333333333
1977-06-01	-1.5	-0.4333333333333334	-0.49166666666666664
1977-07-01	-1.9	-0.6333333333333334	-0.5333333333333333
1977-08-01	-1.3	-1.1833333333333333	-0.5333333333333333
1977-09-01	-1.3	-1.25	-0.48333333333333334
1977-10-01	-1.7	-1.416666666666667	-0.6833333333333332
1977-11-01	-2.1	-1.6333333333333335	-0.9583333333333334
1977-12-01	-1.7	-1.6666666666666667	-1.05
1978-01-01	-0.5	-1.4333333333333336	-1.0333333333333334
1978-02-01	-4.4	-1.9500000000000004	-1.5666666666666664
1978-03-01	-0.3	-1.7833333333333334	-1.5166666666666666
1978-04-01	-0.5	-1.5833333333333337	-1.5
1978-05-01	2.2	-0.8666666666666668	-1.25
1978-06-01	1.1	-0.40000000000000013	-1.0333333333333334
1978-07-01	0.9	-0.16666666666666682	-0.7999999999999999
1978-08-01	0.7	0.6833333333333332	-0.6333333333333332
1978-09-01	0.1	0.7499999999999999	-0.5166666666666666
1978-10-01	-0.6	0.7333333333333333	-0.425
1978-11-01	-0.0	0.3666666666666665	-0.24999999999999992
1978-12-01	-0.1	0.1666666666666665	-0.1166666666666666
1979-01-01	-0.7	-0.10000000000000019	-0.13333333333333328
1979-02-01	1.6	0.04999999999999982	0.36666666666666675
1979-03-01	0.2	0.0666666666666665	0.40833333333333344
1979-04-01	-0.2	0.13333333333333316	0.4333333333333334
1979-05-01	0.8	0.26666666666666655	0.3166666666666667
1979-06-01	1.1	0.46666666666666656	0.3166666666666667
1979-07-01	2.2	0.9499999999999998	0.4250000000000001
1979-08-01	-0.3	0.6333333333333333	0.34166666666666673
1979-09-01	0.2	0.6333333333333332	0.3500000000000001
1979-10-01	-0.2	0.6333333333333332	0.38333333333333336
1979-11-01	-0.7	0.38333333333333314	0.32500000000000007
1979-12-01	-1.2	-1.4802973661668753e-16	0.2333333333333334
1980-01-01	0.7	-0.25000000000000017	0.3500000000000001
1980-02-01	0.5	-0.11666666666666685	0.25833333333333336
1980-03-01	-0.7	-0.26666666666666683	0.18333333333333343
1980-04-01	-1.0	-0.4000000000000002	0.11666666666666675
1980-05-01	-0.0	-0.2833333333333335	0.050000000000000065
1980-06-01	-0.0	-0.08333333333333352	-0.04166666666666661
1980-07-01	-0.1	-0.21666666666666687	-0.23333333333333328
1980-08-01	0.6	-0.20000000000000018	-0.1583333333333333
1980-09-01	-0.8	-0.21666666666666687	-0.2416666666666666
1980-10-01	0.0	-0.05000000000000019	-0.22499999999999995
1980-11-01	-0.6	-0.1500000000000002	-0.2166666666666666
1980-12-01	-0.1	-0.16666666666666685	-0.12499999999999994
1981-01-01	0.6	-0.05000000000000019	-0.13333333333333328
1981-02-01	-0.3	-0.20000000000000018	-0.19999999999999996
1981-03-01	-2.1	-0.4166666666666668	-0.31666666666666665
1981-04-01	-0.2	-0.45000000000000023	-0.24999999999999997
1981-05-01	1.3	-0.13333333333333353	-0.1416666666666666
1981-06-01	2.0	0.21666666666666645	0.02500000000000006
1981-07-01	1.4	0.3499999999999998	0.15000000000000005
1981-08-01	1.2	0.5999999999999998	0.20000000000000004
1981-09-01	0.5	1.0333333333333332	0.3083333333333334
1981-10-01	-0.6	0.9666666666666663	0.2583333333333334
1981-11-01	0.3	0.7999999999999998	0.3333333333333334
1981-12-01	0.8	0.5999999999999998	0.4083333333333334
1982-01-01	2.0	0.6999999999999997	0.525
1982-02-01	0.4	0.5666666666666664	0.5833333333333334
1982-03-01	1.0	0.6499999999999998	0.8416666666666668
1982-04-01	0.1	0.7666666666666665	0.8666666666666667
1982-05-01	-0.6	0.6166666666666664	0.7083333333333335
1982-06-01	-1.7	0.19999999999999973	0.4000000000000001
1982-07-01	-2.5	-0.5500000000000003	0.07500000000000007
1982-08-01	-2.9	-1.1000000000000003	-0.2666666666666666
1982-09-01	-2.9	-1.7500000000000002	-0.5499999999999999
1982-10-01	-2.8	-2.2333333333333334	-0.7333333333333333
1982-11-01	-4.3	-2.85	-1.1166666666666665
1982-12-01	-3.7	-3.1833333333333336	-1.4916666666666665
1983-01-01	-5.8	-3.733333333333334	-2.1416666666666666
1983-02-01	-6.0	-4.25	-2.6749999999999994
1983-03-01	-4.0	-4.433333333333334	-3.0916666666666663
1983-04-01	-1.5	-4.216666666666667	-3.2249999999999996
1983-05-01	1.0	-3.3333333333333335	-3.0916666666666663
1983-06-01	0.1	-2.6999999999999997	-2.941666666666667
1983-07-01	-1.0	-1.9000000000000004	-2.816666666666667
1983-08-01	0.2	-0.866666666666667	-2.558333333333333
1983-09-01	1.4	0.03333333333333303	-2.1999999999999997
1983-10-01	0.7	0.3999999999999997	-1.9083333333333332
1983-11-01	-0.2	0.1999999999999997	-1.5666666666666667
1983-12-01	0.0	0.18333333333333302	-1.2583333333333333
1984-01-01	0.3	0.39999999999999963	-0.75
1984-02-01	1.4	0.5999999999999996	-0.13333333333333328
1984-03-01	-0.4	0.29999999999999966	0.16666666666666674
1984-04-01	0.6	0.283333333333333	0.34166666666666673
1984-05-01	0.3	0.3666666666666663	0.2833333333333334
1984-06-01	-0.6	0.26666666666666633	0.22500000000000006
1984-07-01	0.3	0.26666666666666633	0.3333333333333334
1984-08-01	0.7	0.1499999999999997	0.375
1984-09-01	0.2	0.24999999999999967	0.2750000000000001
1984-10-01	-0.5	0.06666666666666636	0.17500000000000004
1984-11-01	0.4	0.08333333333333304	0.2250000000000001
1984-12-01	-0.2	0.14999999999999972	0.2083333333333334
1985-01-01	-0.5	0.016666666666666385	0.14166666666666672
1985-02-01	2.0	0.23333333333333306	0.19166666666666674
1985-03-01	1.3	0.41666666666666635	0.3333333333333334
1985-04-01	1.9	0.8166666666666664	0.4416666666666667
1985-05-01	0.7	0.8666666666666663	0.4750000000000001
1985-06-01	-0.6	0.7999999999999997	0.4750000000000001
1985-07-01	-0.2	0.8499999999999996	0.4333333333333334
1985-08-01	1.6	0.7833333333333331	0.5083333333333334
1985-09-01	0.0	0.5666666666666664	0.4916666666666667
1985-10-01	-0.6	0.14999999999999972	0.4833333333333334
1985-11-01	-0.3	-0.01666666666666695	0.4250000000000001
1985-12-01	0.4	0.14999999999999972	0.47500000000000003
1986-01-01	1.6	0.44999999999999973	0.6500000000000001
1986-02-01	-1.7	-0.10000000000000027	0.34166666666666673
1986-03-01	0.8	0.03333333333333307	0.30000000000000004
1986-04-01	0.5	0.21666666666666642	0.18333333333333343
1986-05-01	-0.4	0.19999999999999973	0.09166666666666674
1986-06-01	1.6	0.39999999999999974	0.2750000000000001
1986-07-01	0.5	0.21666666666666637	0.3333333333333334
1986-08-01	-0.6	0.3999999999999997	0.1500000000000001
1986-09-01	-0.8	0.13333333333333303	0.08333333333333341
1986-10-01	1.1	0.23333333333333303	0.2250000000000001
1986-11-01	-2.0	-0.03333333333333366	0.08333333333333341
1986-12-01	-2.4	-0.7000000000000003	-0.1499999999999999
1987-01-01	-1.1	-0.9666666666666671	-0.37499999999999994
1987-02-01	-2.1	-1.216666666666667	-0.4083333333333332
1987-03-01	-2.1	-1.4333333333333336	-0.65
1987-04-01	-2.3	-2.0000000000000004	-0.8833333333333332
1987-05-01	-2.1	-2.016666666666667	-1.025
1987-06-01	-1.8	-1.9166666666666672	-1.3083333333333333
1987-07-01	-2.2	-2.1	-1.5333333333333332
1987-08-01	-1.5	-2.0000000000000004	-1.6083333333333332
1987-09-01	-1.7	-1.9333333333333336	-1.6833333333333333
1987-10-01	-0.6	-1.6500000000000004	-1.825
1987-11-01	-0.0	-1.3000000000000003	-1.6583333333333332
1987-12-01	-0.8	-1.1333333333333335	-1.5250000000000001
1988-01-01	-0.2	-0.8000000000000003	-1.45
1988-02-01	-0.6	-0.6500000000000002	-1.325
1988-03-01	1.1	-0.18333333333333365	-1.0583333333333333
1988-04-01	0.2	-0.05000000000000027	-0.85
1988-05-01	1.5	0.19999999999999973	-0.5499999999999999
1988-06-01	0.1	0.3499999999999997	-0.39166666666666666
1988-07-01	1.7	0.6666666666666664	-0.06666666666666665
1988-08-01	2.5	1.1833333333333331	0.26666666666666666
1988-09-01	3.0	1.4999999999999998	0.6583333333333333
1988-10-01	2.3	1.8499999999999996	0.9
1988-11-01	2.8	2.0666666666666664	1.1333333333333333
1988-12-01	2.0	2.3833333333333333	1.3666666666666665
1989-01-01	2.5	2.516666666666666	1.5916666666666668
1989-02-01	2.0	2.433333333333333	1.8083333333333336
1989-03-01	1.8	2.233333333333333	1.8666666666666665
1989-04-01	2.7	2.2999999999999994	2.0749999999999997
1989-05-01	2.0	2.1666666666666665	2.1166666666666667
1989-06-01	1.2	2.0333333333333328	2.2083333333333335
1989-07-01	1.5	1.8666666666666663	2.191666666666667
1989-08-01	-0.5	1.4499999999999995	1.9416666666666667
1989-09-01	0.8	1.283333333333333	1.7583333333333335
1989-10-01	1.3	1.0499999999999996	1.6749999999999998
1989-11-01	-0.4	0.6499999999999997	1.4083333333333332
1989-12-01	-0.9	0.29999999999999977	1.1666666666666667
1990-01-01	-0.1	0.03333333333333304	0.9500000000000001
1990-02-01	-3.0	-0.3833333333333336	0.5333333333333333
1990-03-01	-0.7	-0.6333333333333336	0.325
1990-04-01	0.3	-0.8000000000000003	0.125
1990-05-01	2.0	-0.4000000000000003	0.125
1990-06-01	0.5	-0.16666666666666693	0.06666666666666667
1990-07-01	0.9	-2.590520390792032e-16	0.016666666666666673
1990-08-01	-0.3	0.44999999999999973	0.03333333333333334
1990-09-01	-1.2	0.3666666666666664	-0.13333333333333333
1990-10-01	0.4	0.383333333333333	-0.20833333333333334
1990-11-01	-0.8	-0.08333333333333365	-0.24166666666666667
1990-12-01	-0.4	-0.23333333333333361	-0.19999999999999998
1991-01-01	1.0	-0.21666666666666692	-0.10833333333333332
1991-02-01	0.4	-0.10000000000000031	0.17500000000000002
1991-03-01	-1.1	-0.08333333333333366	0.14166666666666664
1991-04-01	-1.0	-0.31666666666666704	0.033333333333333326
1991-05-01	-1.7	-0.466666666666667	-0.27499999999999997
1991-06-01	-0.2	-0.43333333333333374	-0.3333333333333333
1991-07-01	0.0	-0.6000000000000004	-0.4083333333333334
1991-08-01	-0.7	-0.7833333333333335	-0.44166666666666665
1991-09-01	-2.5	-1.0166666666666668	-0.55
1991-10-01	-1.7	-1.1333333333333335	-0.725
1991-11-01	-1.1	-1.0333333333333337	-0.75
1991-12-01	-2.9	-1.4833333333333336	-0.9583333333333334
1992-01-01	-4.7	-2.266666666666667	-1.4333333333333333
1992-02-01	-1.5	-2.4000000000000004	-1.5916666666666668
1992-03-01	-3.3	-2.5333333333333337	-1.7750000000000001
1992-04-01	-1.7	-2.5333333333333337	-1.8333333333333333
1992-05-01	0.4	-2.2833333333333337	-1.6583333333333334
1992-06-01	-1.0	-1.9666666666666668	-1.7249999999999999
1992-07-01	-1.0	-1.3500000000000003	-1.8083333333333333
1992-08-01	0.6	-1.0000000000000002	-1.7
1992-09-01	0.1	-0.43333333333333357	-1.4833333333333334
1992-10-01	-2.3	-0.5333333333333335	-1.5333333333333332
1992-11-01	-1.1	-0.7833333333333335	-1.5333333333333332
1992-12-01	-0.9	-0.7666666666666669	-1.3666666666666665
1993-01-01	-1.5	-0.8500000000000002	-1.1
1993-02-01	-1.2	-1.1500000000000001	-1.075
1993-03-01	-0.8	-1.3	-0.8666666666666667
1993-04-01	-1.9	-1.2333333333333336	-0.8833333333333334
1993-05-01	-0.6	-1.1500000000000001	-0.9666666666666667
1993-06-01	-1.4	-1.2333333333333336	-1.0
1993-07-01	-1.3	-1.2000000000000002	-1.025
1993-08-01	-1.6	-1.2666666666666668	-1.2083333333333333
1993-09-01	-1.2	-1.3333333333333337	-1.3166666666666667
1993-10-01	-1.8	-1.3166666666666669	-1.275
1993-11-01	-0.1	-1.2333333333333336	-1.1916666666666667
1993-12-01	0.3	-0.9500000000000003	-1.0916666666666666
1994-01-01	-0.2	-0.7666666666666669	-0.9833333333333333
1994-02-01	0.4	-0.43333333333333357	-0.8500000000000001
1994-03-01	-1.1	-0.41666666666666696	-0.875
1994-04-01	-2.1	-0.46666666666666695	-0.8916666666666667
1994-05-01	-1.1	-0.6333333333333336	-0.9333333333333332
1994-06-01	-0.7	-0.8000000000000003	-0.8750000000000001
1994-07-01	-2.2	-1.1333333333333335	-0.9500000000000001
1994-08-01	-2.0	-1.5333333333333339	-0.9833333333333334
1994-09-01	-2.6	-1.7833333333333339	-1.0999999999999999
1994-10-01	-1.9	-1.75	-1.1083333333333334
1994-11-01	-0.9	-1.7166666666666668	-1.175
1994-12-01	-2.0	-1.9333333333333336	-1.3666666666666665
1995-01-01	-0.7	-1.6833333333333338	-1.4083333333333334
1995-02-01	-0.2	-1.3833333333333335	-1.4583333333333333
1995-03-01	1.2	-0.7500000000000001	-1.2666666666666668
1995-04-01	-1.1	-0.616666666666667	-1.1833333333333333
1995-05-01	-0.6	-0.566666666666667	-1.1416666666666668
1995-06-01	0.2	-0.2000000000000003	-1.0666666666666667
1995-07-01	0.7	0.03333333333333303	-0.8250000000000001
1995-08-01	0.5	0.1499999999999997	-0.6166666666666667
1995-09-01	0.4	0.016666666666666375	-0.3666666666666667
1995-10-01	0.0	0.19999999999999973	-0.20833333333333334
1995-11-01	0.1	0.31666666666666643	-0.125
1995-12-01	-0.8	0.14999999999999972	-0.025000000000000005
1996-01-01	1.6	0.29999999999999977	0.16666666666666666
1996-02-01	0.4	0.28333333333333305	0.21666666666666667
1996-03-01	1.9	0.5333333333333331	0.27499999999999997
1996-04-01	1.3	0.7499999999999997	0.47500000000000003
1996-05-01	0.5	0.8166666666666663	0.5666666666666667
1996-06-01	1.9	1.2666666666666664	0.7083333333333334
1996-07-01	1.1	1.183333333333333	0.7416666666666667
1996-08-01	1.2	1.3166666666666664	0.7999999999999999
1996-09-01	1.0	1.1666666666666663	0.85
1996-10-01	1.0	1.1166666666666665	0.9333333333333332
1996-11-01	-0.1	1.0166666666666664	0.9166666666666666
1996-12-01	1.5	0.9499999999999996	1.1083333333333334
1997-01-01	0.8	0.8999999999999998	1.0416666666666665
1997-02-01	2.9	1.183333333333333	1.25
1997-03-01	-0.7	0.8999999999999996	1.0333333333333334
1997-04-01	-1.0	0.5666666666666663	0.8416666666666667
1997-05-01	-2.2	0.21666666666666626	0.6166666666666666
1997-06-01	-2.3	-0.416666666666667	0.2666666666666666
1997-07-01	-1.2	-0.7500000000000004	0.07499999999999997
1997-08-01	-2.4	-1.6333333333333335	-0.225
1997-09-01	-2.4	-1.916666666666667	-0.5083333333333334
1997-10-01	-2.4	-2.1500000000000004	-0.7916666666666666
1997-11-01	-2.0	-2.1166666666666667	-0.9500000000000001
1997-12-01	-1.6	-2.0000000000000004	-1.2083333333333333
1998-01-01	-4.4	-2.5333333333333337	-1.6416666666666666
1998-02-01	-3.4	-2.6999999999999997	-2.166666666666667
1998-03-01	-4.0	-2.9666666666666672	-2.441666666666667
1998-04-01	-2.4	-2.966666666666667	-2.558333333333333
1998-05-01	0.4	-2.566666666666667	-2.341666666666667
1998-06-01	1.6	-2.0333333333333337	-2.0166666666666666
1998-07-01	2.0	-0.9666666666666671	-1.75
1998-08-01	1.9	-0.0833333333333337	-1.3916666666666668
1998-09-01	1.7	0.8666666666666663	-1.05
1998-10-01	1.8	1.5666666666666664	-0.7000000000000001
1998-11-01	1.7	1.783333333333333	-0.3916666666666668
1998-12-01	2.3	1.8999999999999997	-0.06666666666666676
1999-01-01	3.0	2.0666666666666664	0.5499999999999999
1999-02-01	1.6	2.016666666666666	0.9666666666666667
1999-03-01	2.1	2.083333333333333	1.4749999999999999
1999-04-01	2.3	2.166666666666666	1.8666666666666665
1999-05-01	0.4	1.9499999999999995	1.8666666666666665
1999-06-01	0.4	1.6333333333333329	1.7666666666666666
1999-07-01	0.9	1.283333333333333	1.6749999999999998
1999-08-01	0.6	1.1166666666666663	1.5666666666666667
1999-09-01	-0.1	0.7499999999999996	1.4166666666666667
1999-10-01	1.6	0.6333333333333329	1.4000000000000001
1999-11-01	1.7	0.8499999999999996	1.3999999999999997
1999-12-01	2.4	1.183333333333333	1.4083333333333332
2000-01-01	1.1	1.2166666666666661	1.25
2000-02-01	2.7	1.5666666666666662	1.3416666666666668
2000-03-01	2.2	1.9499999999999995	1.3499999999999999
2000-04-01	2.0	2.016666666666666	1.325
2000-05-01	0.6	1.833333333333333	1.3416666666666666
2000-06-01	-0.3	1.3833333333333329	1.2833333333333332
2000-07-01	-0.3	1.1499999999999997	1.1833333333333333
2000-08-01	1.2	0.8999999999999995	1.2333333333333332
2000-09-01	1.4	0.7666666666666662	1.3583333333333334
2000-10-01	1.8	0.7333333333333328	1.375
2000-11-01	3.0	1.1333333333333329	1.4833333333333334
2000-12-01	1.3	1.3999999999999995	1.3916666666666666
2001-01-01	1.6	1.7166666666666661	1.4333333333333333
2001-02-01	2.8	1.9833333333333327	1.4416666666666667
2001-03-01	1.5	1.9999999999999998	1.3833333333333335
2001-04-01	0.3	1.7499999999999998	1.2416666666666667
2001-05-01	-0.8	1.1166666666666663	1.125
2001-06-01	0.5	0.983333333333333	1.1916666666666667
2001-07-01	-0.3	0.6666666666666662	1.1916666666666667
2001-08-01	-0.7	0.08333333333333288	1.0333333333333334
2001-09-01	0.3	-0.1166666666666671	0.9416666666666668
2001-10-01	-0.1	-0.1833333333333338	0.7833333333333332
2001-11-01	1.1	0.1333333333333329	0.6249999999999999
2001-12-01	-1.4	-0.18333333333333376	0.39999999999999997
2002-01-01	0.7	-0.01666666666666709	0.325
2002-02-01	1.8	0.39999999999999963	0.2416666666666667
2002-03-01	-0.4	0.28333333333333294	0.08333333333333333
2002-04-01	-0.1	0.28333333333333294	0.05000000000000001
2002-05-01	-1.4	-0.13333333333333375	1.850371707708594e-17
2002-06-01	-0.4	0.0333333333333329	-0.07499999999999998
2002-07-01	-0.8	-0.2166666666666671	-0.11666666666666665
2002-08-01	-1.6	-0.7833333333333338	-0.19166666666666665
2002-09-01	-1.0	-0.8833333333333337	-0.3
2002-10-01	-0.6	-0.9666666666666671	-0.34166666666666673
2002-11-01	-0.7	-0.8500000000000005	-0.49166666666666664
2002-12-01	-1.8	-1.0833333333333337	-0.525
2003-01-01	-0.3	-1.0000000000000004	-0.6083333333333333
2003-02-01	-1.1	-0.9166666666666671	-0.85
2003-03-01	-0.5	-0.8333333333333339	-0.8583333333333334
2003-04-01	-0.2	-0.7666666666666672	-0.8666666666666667
2003-05-01	-0.5	-0.7333333333333338	-0.7916666666666669
2003-06-01	-1.0	-0.6000000000000004	-0.8416666666666668
2003-07-01	0.5	-0.4666666666666672	-0.7333333333333334
2003-08-01	0.2	-0.25000000000000044	-0.5833333333333334
2003-09-01	-0.2	-0.20000000000000043	-0.5166666666666667
2003-10-01	0.0	-0.1666666666666671	-0.46666666666666673
2003-11-01	-0.5	-0.1666666666666671	-0.45
2003-12-01	1.8	0.29999999999999954	-0.15
2004-01-01	-2.2	-0.15000000000000047	-0.30833333333333335
2004-02-01	2.0	0.14999999999999955	-0.05000000000000001
2004-03-01	0.7	0.29999999999999954	0.04999999999999999
2004-04-01	-1.5	0.049999999999999524	-0.05833333333333335
2004-05-01	1.7	0.41666666666666624	0.12499999999999999
2004-06-01	-1.4	-0.11666666666666714	0.09166666666666667
2004-07-01	-0.8	0.11666666666666621	-0.01666666666666668
2004-08-01	-0.5	-0.30000000000000043	-0.07500000000000001
2004-09-01	-0.6	-0.5166666666666672	-0.10833333333333335
2004-10-01	-0.1	-0.28333333333333377	-0.1166666666666667
2004-11-01	-1.1	-0.7500000000000004	-0.1666666666666667
2004-12-01	-1.3	-0.7333333333333338	-0.42500000000000004
2005-01-01	0.6	-0.5000000000000006	-0.19166666666666674
2005-02-01	-5.2	-1.2833333333333339	-0.7916666666666666
2005-03-01	0.5	-1.1000000000000005	-0.8083333333333332
2005-04-01	-1.0	-1.2500000000000004	-0.7666666666666666
2005-05-01	-1.3	-1.2833333333333339	-1.0166666666666668
2005-06-01	0.7	-0.9500000000000005	-0.8416666666666668
2005-07-01	0.3	-1.0000000000000004	-0.75
2005-08-01	-0.6	-0.2333333333333338	-0.7583333333333333
2005-09-01	0.6	-0.21666666666666715	-0.6583333333333333
2005-10-01	2.0	0.2833333333333328	-0.4833333333333334
2005-11-01	-0.3	0.44999999999999957	-0.4166666666666668
2005-12-01	-0.0	0.33333333333333287	-0.3083333333333334
2006-01-01	2.7	0.7333333333333328	-0.1333333333333334
2006-02-01	0.2	0.8666666666666661	0.31666666666666665
2006-03-01	2.9	1.2499999999999996	0.5166666666666666
2006-04-01	1.8	1.2166666666666661	0.75
2006-05-01	-0.8	1.1333333333333329	0.7916666666666666
2006-06-01	-0.4	1.0666666666666662	0.6999999999999998
2006-07-01	-1.0	0.4499999999999995	0.5916666666666667
2006-08-01	-1.7	0.13333333333333278	0.5
2006-09-01	-1.0	-0.5166666666666672	0.36666666666666664
2006-10-01	-2.1	-1.1666666666666672	0.024999999999999984
2006-11-01	0.1	-1.0166666666666673	0.05833333333333332
2006-12-01	-0.5	-1.0333333333333339	0.016666666666666646
2007-01-01	-1.3	-1.083333333333334	-0.3166666666666667
2007-02-01	-0.1	-0.8166666666666673	-0.34166666666666673
2007-03-01	0.3	-0.6000000000000005	-0.5583333333333333
2007-04-01	-0.2	-0.2833333333333339	-0.725
2007-05-01	-0.2	-0.3333333333333339	-0.6750000000000002
2007-06-01	0.9	-0.10000000000000057	-0.5666666666666668
2007-07-01	-0.5	0.033333333333332806	-0.525
2007-08-01	0.7	0.16666666666666613	-0.325
2007-09-01	0.3	0.16666666666666616	-0.2166666666666667
2007-10-01	1.2	0.39999999999999947	0.05833333333333326
2007-11-01	1.4	0.6666666666666662	0.1666666666666666
2007-12-01	2.7	0.9666666666666662	0.4333333333333333
2008-01-01	2.9	1.533333333333333	0.7833333333333332
2008-02-01	4.4	2.1499999999999995	1.1583333333333332
2008-03-01	2.4	2.4999999999999996	1.3333333333333333
2008-04-01	1.1	2.483333333333333	1.4416666666666664
2008-05-01	-0.1	2.233333333333333	1.45
2008-06-01	1.0	1.9499999999999995	1.4583333333333333
2008-07-01	0.5	1.5499999999999996	1.5416666666666667
2008-08-01	1.7	1.0999999999999996	1.625
2008-09-01	2.0	1.033333333333333	1.7666666666666666
2008-10-01	2.1	1.1999999999999995	1.8416666666666668
2008-11-01	2.2	1.5833333333333328	1.9083333333333332
2008-12-01	2.4	1.8166666666666662	1.883333333333333
2009-01-01	1.8	2.0333333333333328	1.7916666666666667
2009-02-01	3.1	2.266666666666666	1.6833333333333333
2009-03-01	0.7	2.0499999999999994	1.5416666666666667
2009-04-01	1.3	1.916666666666666	1.5583333333333333
2009-05-01	-0.2	1.5166666666666664	1.55
2009-06-01	0.2	1.1499999999999995	1.4833333333333334
2009-07-01	0.4	0.9166666666666662	1.4749999999999999
2009-08-01	-0.3	0.3499999999999996	1.3083333333333333
2009-09-01	0.5	0.31666666666666626	1.1833333333333333
2009-10-01	-2.0	-0.23333333333333375	0.8416666666666667
2009-11-01	-1.0	-0.36666666666666714	0.5749999999999998
2009-12-01	-1.2	-0.6000000000000004	0.2749999999999999
2010-01-01	-1.8	-0.9666666666666671	-0.025000000000000116
2010-02-01	-2.4	-1.316666666666667	-0.4833333333333334
2010-03-01	-1.1	-1.5833333333333337	-0.6333333333333334
2010-04-01	2.0	-0.9166666666666673	-0.5750000000000002
2010-05-01	1.5	-0.5000000000000006	-0.4333333333333335
2010-06-01	0.6	-0.20000000000000048	-0.4000000000000002
2010-07-01	3.0	0.5999999999999995	-0.18333333333333346
2010-08-01	3.0	1.4999999999999993	0.09166666666666652
2010-09-01	3.7	2.2999999999999994	0.3583333333333332
2010-10-01	2.9	2.4499999999999997	0.7666666666666666
2010-11-01	2.1	2.5499999999999994	1.025
2010-12-01	4.8	3.2499999999999996	1.5249999999999997
2011-01-01	3.8	3.383333333333333	1.9916666666666665
2011-02-01	4.5	3.633333333333333	2.5666666666666664
2011-03-01	4.2	3.7166666666666663	3.008333333333333
2011-04-01	3.1	3.75	3.0999999999999996
2011-05-01	0.6	3.4999999999999996	3.025
2011-06-01	0.4	2.766666666666666	3.008333333333333
2011-07-01	1.6	2.399999999999999	2.891666666666666
2011-08-01	0.7	1.766666666666666	2.6999999999999997
2011-09-01	1.7	1.3499999999999994	2.533333333333333
2011-10-01	1.2	1.0333333333333328	2.3916666666666666
2011-11-01	1.8	1.2333333333333327	2.3666666666666667
2011-12-01	4.1	1.8499999999999994	2.308333333333333
2012-01-01	1.8	1.8833333333333329	2.1416666666666666
2012-02-01	0.8	1.8999999999999995	1.8333333333333333
2012-03-01	1.2	1.8166666666666662	1.583333333333333
2012-04-01	-0.4	1.5499999999999996	1.2916666666666665
2012-05-01	0.1	1.266666666666666	1.2499999999999998
2012-06-01	-0.7	0.46666666666666606	1.1583333333333332
2012-07-01	-0.1	0.1499999999999994	1.0166666666666664
2012-08-01	-0.3	-0.03333333333333394	0.9333333333333331
2012-09-01	0.4	-0.16666666666666727	0.8249999999999998
2012-10-01	0.5	-0.016666666666667274	0.7666666666666665
2012-11-01	0.4	0.03333333333333273	0.6499999999999998
2012-12-01	-1.0	-0.016666666666667274	0.22499999999999987
2013-01-01	-0.1	-0.016666666666667274	0.06666666666666653
2013-02-01	-0.4	-0.033333333333333943	-0.03333333333333347
2013-03-01	2.5	0.31666666666666604	0.07499999999999986
2013-04-01	0.4	0.2999999999999994	0.14166666666666652
2013-05-01	1.3	0.44999999999999946	0.24166666666666656
2013-06-01	2.0	0.9499999999999994	0.46666666666666656
2013-07-01	1.3	1.1833333333333327	0.5833333333333331
2013-08-01	0.3	1.2999999999999994	0.6333333333333332
2013-09-01	0.5	0.9666666666666662	0.6416666666666666
2013-10-01	-0.1	0.8833333333333327	0.5916666666666666
2013-11-01	1.2	0.8666666666666661	0.6583333333333332
2013-12-01	0.1	0.5499999999999994	0.7499999999999999
2014-01-01	2.4	0.7333333333333326	0.9583333333333331
2014-02-01	0.1	0.6999999999999994	0.9999999999999999
2014-03-01	-1.5	0.3666666666666661	0.6666666666666665
2014-04-01	1.3	0.5999999999999993	0.7416666666666666
2014-05-01	0.9	0.5499999999999995	0.7083333333333331
2014-06-01	0.3	0.5833333333333327	0.5666666666666665
2014-07-01	-0.3	0.13333333333333278	0.4333333333333332
2014-08-01	-1.2	-0.08333333333333388	0.3083333333333332
2014-09-01	-1.2	-0.03333333333333388	0.1666666666666665
2014-10-01	-1.0	-0.41666666666666724	0.0916666666666665
2014-11-01	-1.5	-0.8166666666666672	-0.1333333333333335
2014-12-01	-0.9	-1.0166666666666673	-0.2166666666666668
2015-01-01	-1.4	-1.2000000000000004	-0.5333333333333335
2015-02-01	0.4	-0.933333333333334	-0.5083333333333334
2015-03-01	-1.2	-0.9333333333333339	-0.4833333333333334
2015-04-01	-0.1	-0.783333333333334	-0.6000000000000002
2015-05-01	-1.2	-0.733333333333334	-0.775
2015-06-01	-0.9	-0.7333333333333338	-0.8750000000000001
2015-07-01	-1.9	-0.8166666666666673	-1.0083333333333335
2015-08-01	-2.4	-1.2833333333333339	-1.1083333333333336
2015-09-01	-2.7	-1.5333333333333339	-1.2333333333333334
2015-10-01	-2.8	-1.983333333333334	-1.3833333333333335
2015-11-01	-0.8	-1.9166666666666672	-1.325
2015-12-01	-0.9	-1.9166666666666672	-1.3250000000000002
2016-01-01	-3.6	-2.2000000000000006	-1.5083333333333335
2016-02-01	-3.2	-2.333333333333334	-1.8083333333333336
2016-03-01	-0.1	-1.9000000000000006	-1.7166666666666668
2016-04-01	-2.0	-1.7666666666666675	-1.8750000000000002
2016-05-01	0.7	-1.5166666666666673	-1.7166666666666668
2016-06-01	1.1	-1.1833333333333342	-1.55
2016-07-01	0.7	-0.4666666666666673	-1.3333333333333337
2016-08-01	1.2	0.26666666666666605	-1.0333333333333334
2016-09-01	2.0	0.6166666666666661	-0.6416666666666669
2016-10-01	-0.4	0.8833333333333327	-0.4416666666666669
2016-11-01	-0.2	0.7333333333333328	-0.39166666666666683
2016-12-01	0.5	0.6333333333333327	-0.2750000000000002
2017-01-01	0.3	0.5666666666666661	0.0499999999999998
2017-02-01	-0.1	0.3499999999999994	0.3083333333333332
2017-03-01	1.5	0.2666666666666661	0.4416666666666665
2017-04-01	-0.3	0.2833333333333327	0.5833333333333331
2017-05-01	0.4	0.3833333333333328	0.5583333333333331
2017-06-01	-0.7	0.1833333333333328	0.4083333333333332
2017-07-01	1.3	0.3499999999999995	0.4583333333333332
2017-08-01	0.9	0.5166666666666662	0.4333333333333332
2017-09-01	1.0	0.43333333333333285	0.34999999999999987
2017-10-01	1.5	0.7333333333333328	0.5083333333333332
2017-11-01	1.5	0.9166666666666661	0.6499999999999999
2017-12-01	-0.2	0.9999999999999996	0.5916666666666666
2018-01-01	1.8	1.0833333333333328	0.7166666666666665
2018-02-01	-0.8	0.7999999999999995	0.6583333333333332
2018-03-01	2.4	1.0333333333333328	0.7333333333333331
2018-04-01	0.8	0.9166666666666661	0.8249999999999998
2018-05-01	0.6	0.7666666666666662	0.8416666666666665
2018-06-01	-0.2	0.7666666666666662	0.8833333333333332
2018-07-01	0.4	0.5333333333333328	0.8083333333333331
2018-08-01	-0.5	0.5833333333333327	0.6916666666666665
2018-09-01	-1.5	-0.06666666666666717	0.4833333333333332
2018-10-01	0.6	-0.10000000000000052	0.4083333333333332
2018-11-01	-0.1	-0.2166666666666672	0.27499999999999986
2018-12-01	1.7	0.09999999999999946	0.4333333333333332
2019-01-01	-0.1	0.016666666666666132	0.27499999999999986
2019-02-01	-2.3	-0.2833333333333338	0.14999999999999983
2019-03-01	-0.5	-0.11666666666666718	-0.09166666666666679
2019-04-01	0.2	-0.18333333333333382	-0.1416666666666668
2019-05-01	-0.7	-0.2833333333333338	-0.25000000000000017
2019-06-01	-0.7	-0.6833333333333339	-0.2916666666666668
2019-07-01	-0.6	-0.7666666666666672	-0.37500000000000006
2019-08-01	-0.2	-0.4166666666666672	-0.3500000000000001
2019-09-01	-1.9	-0.6500000000000005	-0.38333333333333347
2019-10-01	-0.6	-0.7833333333333338	-0.48333333333333345
2019-11-01	-1.4	-0.9000000000000005	-0.5916666666666668
2019-12-01	-0.9	-0.9333333333333339	-0.8083333333333335
2020-01-01	0.3	-0.7833333333333338	-0.775
2020-02-01	-0.1	-0.7666666666666672	-0.5916666666666668
2020-03-01	-0.2	-0.48333333333333384	-0.5666666666666668
2020-04-01	0.3	-0.33333333333333387	-0.5583333333333335
2020-05-01	0.7	0.016666666666666125	-0.4416666666666668
2020-06-01	-0.6	0.06666666666666614	-0.4333333333333335
2020-07-01	0.7	0.13333333333333278	-0.3250000000000001
2020-08-01	1.8	0.44999999999999946	-0.15833333333333344
2020-09-01	1.5	0.7333333333333328	0.12499999999999989
2020-10-01	0.8	0.8166666666666661	0.24166666666666656
2020-11-01	1.1	0.8833333333333329	0.44999999999999996
2020-12-01	3.0	1.4833333333333327	0.7749999999999999
2021-01-01	3.2	1.8999999999999997	1.0166666666666666
2021-02-01	2.5	2.016666666666666	1.2333333333333334
2021-03-01	0.6	1.8666666666666663	1.3
2021-04-01	0.6	1.833333333333333	1.325
2021-05-01	0.8	1.7833333333333325	1.3333333333333333
2021-06-01	0.7	1.3999999999999995	1.4416666666666667
2021-07-01	2.3	1.2499999999999996	1.575
2021-08-01	1.0	0.9999999999999994	1.5083333333333335
2021-09-01	1.3	1.116666666666666	1.491666666666667
2021-10-01	1.2	1.2166666666666661	1.5250000000000001
2021-11-01	1.6	1.3499999999999994	1.5666666666666664
2021-12-01	2.5	1.6499999999999995	1.5249999999999997
